idw.asc
NCOLS 250
NROWS 250
XLLCORNER 2.0
YLLCORNER 3.0
CELLSIZE 1.0
NODATA_VALUE -9999
[rows 76 to 94 of 250, columns 44 to 87 of 250]
110.30751568517958 110.3834916240485 110.50877581701022 110.49125993206941 110.78019528423104 111.0240434046586 111.33432418397597 111.72059101973599 112.19431285310937 112.91802265017868 113.74265144024788 114.41134955763395 115.122281277133 115.6169672596446 115.61555853086907 115.39535973782965 115.15862607462735 115.13368502301087 115.06729509887163 116.03760692696494 116.47225351173739 117.28241550607807 117.72705599519881 118.50024801136396 119.38632211052887 119.92078868016941 120.4677879723443 121.01150618573249 121.82000811570684 122.6936186285371 123.1329722399256 123.80808184366902 124.33897793407864 124.56038249494839 124.82876930042845 125.30578413986564 125.82068083175912 126.661767179967 127.42012001637448 128.64520138077373 129.33425725199095 129.67938126604375 129.91910436566408 130.32518122250957
110.45123530866519 110.58886412538088 110.70963509143519 110.84082229712133 111.01168387094606 111.32381239936689 111.516561785779 111.9263568650527 112.42987277867394 113.17406205245729 114.06734494408548 114.80621451686957 115.62897729311698 116.01701219805325 116.01757369443109 115.70541412829299 115.35520694921186 115.36377713305147 115.80096886071533 116.30233818541609 117.18333334754263 117.61847989404568 118.44121937712839 119.36578210208545 119.89333848188136 120.44355231917676 121.00553895116673 121.88481010820477 122.72605810575858 123.66503958645771 124.11772619095417 124.81803159340181 125.14257051994954 125.55318050470375 125.98630632898042 126.40442337231347 126.8410692319151 127.59069820125688 128.43690677017247 129.16850602350283 129.77777612300596 130.1679885920174 130.70712249939598 130.93249469233663
110.58880136848121 110.68982824387116 110.79681947035819 110.92078483302718 111.11885411743815 111.36431802376681 111.75642573169132 112.07716849648135 112.58374110888272 113.19216049498752 114.54569867842895 115.13171982615167 115.67523609369763 116.02987646921368 116.03126851143676 115.7562908996188 115.38055783356222 115.90382732436053 116.00720100109187 116.54814648434954 117.43073409762866 118.35596300943088 118.83631229312712 119.85552428089862 120.41621507339475 120.99791581377198 121.59223905239753 122.53208948295867 123.74490723181921 124.68077408924869 125.3858449179571 125.82420122078517 126.37854187900504 126.7771098040741 127.27808305921036 127.56748102188989 128.0953585897085 128.45293993757565 129.40959493062093 130.00908400536758 130.4352034082104 131.05611275958725 131.35660684065743 131.89152245094272
110.6356858550956 110.7758171654719 110.84974241053297 110.93956862584857 111.15586722562142 111.46614417708888 111.86768270355618 112.27548903653074 112.71576214274242 113.62538707629331 114.19659094286054 115.01117279307712 115.45595105825207 115.78562428243777 115.79367842883622 115.77959349152053 115.60798680754199 116.26317555086457 116.64641578153682 117.32618413261416 118.62440919256653 119.1036505955965 119.58239634870652 120.35099106190435 120.95371936306532 121.58009635543849 122.62010294051304 124.26170509031361 124.78134059728244 125.50260334036949 126.2200777821586 126.66707207524264 127.2789478769353 127.95209898567693 128.28809937998096 128.53812367695076 128.71076629009366 129.39869029026093 129.9840819627081 130.56098262930448 130.94045824631408 131.52922294498205 132.08002357287734 132.37081126645114
110.66033406778939 110.80144484423236 110.8256036171114 110.95772459842605 111.21024940055632 111.58845715567696 112.26578017980746 112.71689237957023 113.16518694834677 113.57092061688617 114.07259662679866 114.80640985584692 115.42981524703151 115.59642181288302 115.75313842269297 115.71051248237387 115.63690811311531 116.42423241100407 117.18484552532003 117.68068592633266 118.9435301711261 119.5661963402769 120.65024010081726 121.23958634565147 121.73531667115077 122.81409917488008 124.07395986585094 125.01077475000831 125.55706883896578 126.60684012599353 126.97392064983552 127.51737817661522 128.1524562885012 128.47174086966226 128.63904903376502 128.73500408332637 129.1952015508032 129.89404311845175 130.4506068319368 131.03482333283608 131.83557736321205 132.16410090569985 132.48027969082239 132.9902462704976
110.65637683557694 110.8130597961295 110.84726843539492 111.07293927496772 111.5278511658784 112.09324006337468 112.65187429737642 112.96395277636698 113.26114655860681 113.62063735251652 113.91223757423069 115.06725393501371 115.32181676636559 115.4621609789342 115.7135369655072 116.02523088513816 116.65108201503124 117.2024365311845 117.51436491527546 118.17073893242853 119.37002083873769 120.04520919761757 121.17036272863507 122.34483924205183 123.51245972161927 123.91095104825588 125.18232758844296 125.73310980789309 126.63930830535462 127.31195839356585 127.96591052960306 128.21584625181504 128.5673825873059 128.73344515354796 128.77056375431118 128.83982205974183 129.57605877671656 130.3875482137839 130.9505568581166 131.76084014050753 132.18343036527563 132.49316389843563 132.78855116492838 133.3099476848932
110.46279531054199 110.79736117363534 110.98334886323812 111.30385357197571 111.83612362631308 112.47054873541349 113.05759838658328 113.50489826824708 113.81053038651692 114.52160608409702 114.70288055817322 115.42560219580214 115.59186777026693 115.75992980569832 116.13533047965448 116.2152392984927 117.02080720004308 117.68747004768932 118.02726099301196 118.42106498071264 119.76152969454162 120.77845654893558 122.62322852393571 123.48405246999182 124.08297440374034 125.12795555026217 126.47333806643509 126.98781866163466 127.53730552535227 128.1004003897271 128.46602743033017 128.78833620139434 129.03913000214564 129.27755643936825 129.34183729092962 129.68490051652122 130.4848983270013 131.05919029332676 131.5100231775646 132.11654280674912 132.47239900796944 132.68608591474094 133.08353824744287 133.5326000087587
110.30029713398164 110.76637933185519 111.20677496126085 111.69303623069605 112.3507212994423 113.08969071889695 113.71658436609205 114.1006311440731 114.64321115464556 114.79246436542596 115.07051389663863 115.50294276517037 115.72500982006751 115.87595735567452 116.38209302481624 116.51477890099804 117.46999550593351 118.24965183251716 118.60980283330272 119.01721775798451 120.93282845727948 122.41314224415808 123.80134726688541 124.3782070485492 124.97856473645098 126.57161765928197 127.29752422641027 127.7562329788708 128.5937220261833 128.77267722304603 128.96101559862913 129.19916400121025 129.45187998382687 129.76675588650485 130.0866175943939 130.63685605748978 131.10209238831962 131.20723330978794 131.65572933257218 132.3403939720665 132.6318339696133 132.7232070625853 133.17968527474534 133.76757365451667
110.35526695066864 110.8957067889514 111.50833014326072 112.1777780367428 113.02474948672368 113.94108970960325 114.63883495864765 115.14396548316988 115.1813346319288 115.14366230583367 115.15771760824319 115.76819741680028 115.96860501938443 116.60745381841947 117.11247032660756 117.3658506441463 118.44245754985758 119.4554888759496 119.87882323971434 120.32956397693741 121.49880894736472 123.06355753339858 125.67516129412664 125.88670249987095 126.39863191332019 126.93471340658472 127.62561570258055 128.0595068326645 128.80954405899763 128.9709017961417 128.95292701551048 128.997105193924 129.4214461571835 130.1150013042676 130.61986769044898 131.0461646989317 131.19240925346185 131.28037819157043 131.84815221458268 132.57135036650578 132.7057225466671 132.78289116248467 133.40912368940369 134.21533006065047
110.65824307740105 111.2143764055961 111.81417719492077 112.68407273570094 113.73485369258752 114.88352353471744 115.67839998894779 115.9372699112608 115.73445624242787 115.497666757245 115.38940018095106 115.9460953285343 116.16548616988804 116.93357881495726 117.91792895911401 118.3389044017484 120.63442286178622 121.20420890370127 121.78003880360717 121.75094094010596 123.3397141802534 124.37848513603052 126.15494897383557 126.53135048992867 127.12888676267501 127.5738470728167 128.177862474241 129.4595208688604 129.3631056150152 129.2418617297641 128.99306943293027 129.04031031254962 129.60695837715548 130.34447494774378 130.92271537022285 131.36367009915435 131.5399787868659 131.7959215098901 132.3995860474658 132.8952278693945 133.10782285283597 133.38430717086476 134.03530787836073 134.86716063025278
111.26226060793365 111.6363913158813 112.17771221437104 112.98999904880505 114.25113517976554 115.56102577519384 116.44254205330945 116.4805169591356 116.10440176624796 115.74270801354707 115.57342265314523 116.12563187254585 116.39638133554733 117.3272087682096 118.48170301434666 119.03165233292299 121.37593669372438 121.96051763649801 122.50299627817458 124.01102546734198 124.58004625767862 125.48569842780398 127.27656255896288 127.73209108649031 128.34094791140765 128.6756491844602 129.98163410142539 129.64448835747083 129.57676504617083 129.53862997384584 129.39319091913165 129.5559410912362 130.0873745774652 130.74306750559552 131.30378806103823 131.94518603891595 132.26949966014473 132.70381242690243 133.09937555523962 133.43087041230476 133.70583906435954 134.10185678954034 134.83549506916097 135.4598045777579
111.83135986416974 112.04486684185494 112.51701182692736 113.224469301015 114.39534280595689 115.71175801889382 116.45446688647989 116.49013454214926 116.13912032491002 115.80965179544278 115.94790573445684 116.09487094795837 116.66480085053965 117.16299969316063 119.14176579866256 119.83760984520974 122.15073733158015 122.74398944588907 123.24528341056673 124.57154530558026 125.03752373333188 125.77293258129203 127.41598303294626 127.83638351274219 128.69365173928392 129.04614059349132 130.1429135881832 130.15766209986592 130.11297680932185 130.17672855008797 130.15350854113328 130.4283120375017 130.84553509508316 131.4402178227818 131.9365058652923 132.4824904938847 132.9427660393805 133.4935926822686 133.92567848140504 134.09808929175406 134.33164694160877 134.6762919005317 135.3991869435397 135.9586251888192
112.35423122464493 112.45990798513495 112.7335420716931 113.33169339614662 114.26537962147182 115.34883612820627 115.91936563378344 116.05552987521571 115.8943454641391 115.73065362303359 116.01192241760357 116.26572083270571 116.98563634096423 118.16849483177904 119.90842775756337 121.6649742769655 122.96223920500864 123.55257019286414 124.0029459656875 125.09632895665646 125.45267078265402 125.81952631274244 127.19483888361736 127.89678178677391 128.75567708374143 129.91747336951235 130.4854077949903 130.4291814664206 130.50649180861134 130.73787992790812 130.85791827564273 131.20107958493915 131.5385991025998 132.0253634944319 132.43099625785607 132.9626528698715 133.46155488823112 134.01149857720443 134.43812414412884 134.50030598021706 134.58692556401283 135.03636014510656 135.57026634827008 136.00181411749134
112.64683462243343 112.6535272568133 112.81606664675483 113.18898857407012 114.03138191498263 115.03908485501898 115.5131696775416 115.7499824131342 115.84385130759193 115.85856097625854 116.38677699111757 116.8097021616232 117.37173023668767 118.7434996245885 121.6702330727034 122.5973326153054 123.38721091960035 124.36051159066662 125.28208866596555 125.5754224202785 125.81894092437781 126.08026622792487 127.1396990579163 127.91133913359315 129.6113425780895 130.3738618540546 130.6454934461441 130.94674051781442 131.12527273277385 131.4672891607959 131.49693617228806 131.87727215030225 132.16359051883282 132.55323329419687 132.8538176993768 133.3181812212796 133.77032119297925 134.22020547371068 134.54072672116666 134.58343694337552 134.8076225224844 135.17197826836772 135.62942802113568 135.95731732125682
112.80792892246214 112.86745662799667 113.03033739897012 113.34208422640356 114.05452348326116 114.752054716231 115.2079253829055 115.51406143732916 115.75129380504995 116.31178627918413 116.57692430679501 117.12034153816501 118.19345201067863 119.66648936033069 122.58450084415787 123.50068705829143 124.31410159563984 125.11353240682897 125.79788145168048 125.98858723395621 126.12412060772013 126.2866968035723 127.97839544224075 128.65724734773408 129.51283802373663 130.39475564727687 130.77791328198694 131.1801505643478 131.47167831019362 131.9114692290066 132.21047202927582 132.58441660507867 132.8178494272205 132.9942175372627 133.29497051414813 133.68811883332296 134.08691238849318 134.4507830442836 134.77250490573908 134.95907445276924 135.29295428408662 135.61450465618816 135.95014578335287 136.15205759521564
112.89417574095248 112.93651222295173 113.09843757253665 113.36365099688516 114.02223276610066 114.67494223945872 115.08270301929616 115.46062548778225 116.09477655281555 116.4617416808886 116.9579802338005 117.57182592733564 119.25249514239212 120.91478806415296 123.29669211806397 124.2292192237829 125.08350900648234 125.73979137732715 126.20806736696782 126.30974852902469 126.35422616617345 127.33809869675666 127.74003058764983 128.2582348323367 129.39422433058394 130.38808497623677 130.8739761607331 131.30281102374255 131.7430371841518 132.24482464928354 132.59703961688376 132.91417895926338 133.15408774968503 133.23562982580845 133.42751005132837 133.739622411668 134.26346232738908 134.87960014938366 135.35725427214015 135.87984953191852 136.025234577705 136.14439249635825 136.2307609832519 136.40620862958804
112.9279149809866 113.02444919499065 113.21079873896441 113.4612441496132 114.10818663052696 114.68921910788752 115.15677928490551 115.53811912868314 116.2680384547157 116.7140483191081 118.28456089813429 119.43919979415617 121.23126150590856 122.27302897901326 124.3659635273077 125.07973459881005 125.69480389756194 126.14178291536726 126.58859784717394 126.62267113623095 126.6733470172509 127.13411800713867 127.54565896262329 128.095514446987 129.1821436136833 130.36439930888952 130.93341519983812 131.4358710386498 131.8977574377784 132.3490035670244 132.82519072094766 133.13039936801758 133.30557245461353 133.32351253644453 133.4504260580619 133.79684195467877 134.56485799101117 135.337592692659 136.02478130759042 136.62437251390764 136.6767361401282 136.50085893095206 136.501087719846 136.69473744195972
113.13400190828438 113.32623686618433 113.56550310665463 113.82087730816467 114.4764854740652 114.8882222906168 115.26730805988461 117.05678331529144 117.57159416399328 118.54119391489596 119.56157280489923 121.02060721220307 122.3447974953576 123.14935952619808 125.3364561859123 125.82156380651261 126.21470907895788 126.47109492152879 126.62082760257861 126.63905669702224 126.68547215228494 127.01916085932086 127.42884886620814 127.98883861093447 128.66095567432478 130.44539172565854 131.11126607088192 131.50907789395924 131.99928367431113 132.45239513163534 132.9068559349678 133.17399995064514 133.31529877756645 133.33187903086537 133.47940292321448 133.84670971683036 134.84835673871055 135.5150180760707 136.18427058390904 136.67749998065858 136.74479780370095 136.6550100794017 136.74550360513 137.31649898229625
113.43387856682095 113.64990287468584 113.89547948907457 114.15792857198416 114.80712658615451 115.39709037589122 117.33197096364324 118.03708370168033 118.49127526939942 119.42432464545307 120.5253215697193 121.18527999222238 122.72076650320923 123.4371606517483 125.51879018019238 125.92397442745515 126.26152847735396 126.49624269035924 126.62486704878508 126.63547397822141 126.7911968214326 127.05419342287288 127.40707798561151 127.95665624757802 128.6237410426482 130.37799106305914 131.1137332688568 131.7010539085187 132.02362315173735 132.45313047561189 132.89037953783762 133.12290622080158 133.25246900841913 133.34470999747307 133.57348393254952 134.13373132027502 134.8996346717679 135.54479474065974 136.0625648626122 136.4968730158388 136.67430210965716 136.78119342490322 137.15750509246394 137.73437750238872
