idw.asc
NCOLS 250
NROWS 250
XLLCORNER 2.0
YLLCORNER 3.0
CELLSIZE 1.0
NODATA_VALUE -9999
[rows 133 to 151 of 250, columns 132 to 175 of 250]
142.394769329242 142.16812551092622 141.73561795470278 141.21023546946776 140.18026869418736 139.05649988972067 137.3339128903878 135.83756241891905 133.85692984756793 132.12453633363586 130.82682958341292 128.98962295752932 128.3009347642033 127.48615384352028 126.58654576150317 125.80768171468456 125.46078853048013 125.164489289296 123.8667121365428 123.64466677134416 123.46210275371486 122.83655313297189 122.1959366815897 121.50350873522586 120.9391434846659 120.27108062237818 119.17909531120847 118.50017462047742 118.02894924547984 117.4855366389082 116.16269897697025 115.40350542561661 113.9654022180686 113.29918503096671 111.95494491776506 111.15087112222209 109.86383438706451 108.15983558809192 107.16935179044361 106.34881203631988 105.86748901624368 105.59096294125386 105.1783403881224 104.61564329111324
142.42802903213112 142.2622154054757 142.00749421041888 141.66858619229433 140.72326895956286 139.28262114238828 137.7617272247119 135.98785338098816 133.64240957512703 132.47701478019644 131.3425363279301 129.84044203859548 129.12219126156947 128.00540784920253 126.92406752916023 125.96916212972387 125.49848338326811 125.19332059386713 123.89585947005015 123.67085833305947 123.60408479922664 123.0034798997513 122.10816032054862 121.404210600936 120.71696036437305 120.13544599628997 119.30872307472205 118.8279636987997 118.21910910887011 117.71365767215543 116.71862437525219 115.67984569268887 114.67609003508929 113.6439119355141 112.41211255702376 111.650717443694 110.44488253004634 109.09981357457602 107.73594172982577 106.90035397575376 106.30500129638364 105.6761436658462 105.1254419869453 104.37880647576993
142.41262572323797 142.25975611676466 142.21385494028104 141.93194132153567 141.05034253724207 139.58877663304253 138.00184881191868 136.20811415895042 134.1200712111821 132.73989262375662 132.0570930442093 130.7634419958718 130.15663048477737 129.06989631389953 127.62995314314685 126.48757637470675 125.74860482824765 125.06195441647536 124.4303748511195 124.0407882773941 123.61156529023664 122.83411314435303 122.00593310204678 121.16237787679003 120.29015117389274 119.4557278138944 119.02780874139113 118.90803488573043 118.5588301714664 117.85863703108221 116.8830829135517 115.83759758913067 114.89086775452833 113.80826442820094 112.91121116876482 112.00582524689597 111.31965986577121 110.0198713931772 108.67497368542996 107.7720638125548 107.00005470036974 106.04364392009072 105.27439940718065 104.38217500869455
142.50730472601052 142.26357451914208 142.22079530227694 141.9564911172709 141.10933712394888 139.63062537185615 137.89076395648277 136.09141923315735 134.14435031866182 133.14735532550526 132.48348343649653 132.17259254665365 131.58051480295708 130.298575129748 128.69576814429857 127.36359651496083 126.4288117898097 125.40415415265213 124.87023949558946 124.25229709821595 123.56279434318944 122.54093124859723 121.57655163785869 121.01211952502211 119.98526035442485 118.57820195923101 118.47165757740102 118.75337169812306 118.78378794020722 117.91521393123321 117.00293774345423 116.28813223554609 115.02703204235026 114.27379231370674 113.48567085087166 112.99638957179042 111.98748376768125 111.10804909397032 109.48422105337127 108.51358499698898 107.60536829649952 106.33426282876168 105.50314484895227 104.74380797013625
142.8475007605112 142.35448816748314 142.1442039201429 141.94249269037817 140.79056425384363 139.31222817232018 137.69024623619202 135.96092819499395 134.26908464173349 133.33635099652668 132.86140197099792 133.02184194356727 132.8936073010959 131.50214197736258 129.50627901207295 128.1132369106628 127.18268370068814 126.11216794771003 125.51739163744868 124.73731363283916 123.6919283079931 122.30210027176916 121.08092555559706 120.88876206414305 120.1438046882465 118.64473953886994 118.49620676469289 118.81734804049486 118.85346795991319 118.22348269511006 116.90544212838185 116.10911361305537 115.24836829576931 114.59335894167543 113.89003513908285 113.55096382381821 112.69516836832905 111.88614721484906 110.64970968215307 109.65970483455806 108.62486060601218 106.91884196952914 106.05983725232721 105.21928026828267
143.45035374452073 142.69156186979583 142.37030704449785 141.80660619599246 140.91517391926754 139.0120961595124 137.2851117764049 135.8069531462065 134.20900189278584 133.3375848909103 132.89449021035142 133.034183230148 132.91051254795653 131.63363933217136 130.21227276080936 128.95479076774063 128.01321202567075 126.76810825984424 126.15847567951707 125.38596186181769 124.24926387063809 122.6368528512738 121.14190084653892 120.98296063695088 120.8018203474058 119.85646029784091 119.52072665866132 119.25126377400115 119.18113817709127 118.54632471100507 116.89204281010034 115.85994909746718 115.11513179391996 114.41062806640808 114.19860729976189 114.06779333862443 113.27821945734375 112.62395289795649 111.45719886591006 110.46040630904824 109.44438664875825 108.02416737807057 106.62439631065774 105.87935979631685
144.3249550381276 143.17962839946418 142.6514631802275 141.69567494009863 140.65436392761762 138.7427680079913 137.32687349716366 135.65593862294048 134.159403442976 133.32418828221537 132.7315158681631 132.52720288230753 132.02743011503728 131.1945157925647 130.31967437888187 129.51240495496694 128.56335183846312 127.3549004357945 126.53035371528506 126.02214166380288 125.1162395670286 123.72778114692002 122.43654835331739 121.8787959738499 121.6119146274714 121.02210936404406 120.56069006213289 120.18364488304205 119.36642052521601 118.64930206694555 117.47925045087842 115.80995376056498 114.86528024413526 114.22759866450494 114.17932248310106 114.30052003638542 113.99834004208978 113.54249829337218 112.66349405388664 111.47635568650485 110.56577144069043 109.2847256075436 108.36514335658373 107.0152882487341
144.78510661122755 143.82500756026772 142.86193468721086 141.851263737952 139.89687514002216 138.32914915255523 137.13656617636917 135.93459179041125 134.11948038537292 133.30263636413602 132.59920227152125 132.0455440047868 131.45693546105815 131.01095717810313 130.63041399944169 130.17259336522142 128.86610879195044 127.5249257638445 126.5416075577579 126.37321378337437 125.9914166168491 125.05277135987035 123.96715180881338 123.20480936891333 122.73023683937218 122.13401147708137 121.48818357588853 120.86781620119078 120.25100486103982 118.9915247874862 117.45614518724815 116.0754283733142 115.00066218384934 114.31073725107774 114.23742082275182 114.47906573726118 114.32016680445582 114.07276512765306 113.33724892231146 112.61797949945732 111.36261826874734 110.17517605637062 109.08312949583673 108.23634969607174
145.02086301567246 144.09562900529195 143.43539693794608 142.8289905465398 139.88991334593763 138.5572700444537 137.0164534005024 135.92495568999811 134.55155691987676 133.08658950157306 132.51318338792612 132.02256325691528 131.20294723353183 131.0204849391066 131.1776841695965 131.02371117704436 129.55640676376765 127.88554554120773 126.68048580655807 126.52132188214641 126.57518825631912 125.92262889543512 125.0372564183878 124.29546403804213 123.6856080693857 123.14928186196155 122.63513268920178 121.87159056934556 120.48260823520293 119.31467599697528 117.91571824539835 116.53601481132934 115.62821518924957 115.18097501878391 114.95076195768321 115.10085218347112 114.91804424059347 114.68182933926634 114.10810684450101 113.54293083851829 112.33109613633415 111.2517005829126 109.88986989628296 109.02687881430245
145.11462564083757 144.26683355697688 143.63940865776678 142.98152288386473 140.70191790648025 138.67325095923562 137.7097325980454 136.25514135947535 135.00038707916187 133.44814090930424 132.81633472450983 132.23839897702084 131.33907485338625 131.05208319045659 131.19727044804412 131.0816204730364 129.8378009815744 128.55904674653044 127.82316014794682 127.49381445665303 127.28284481116562 126.80729247075739 125.88853560204367 125.17511450192511 124.50779676331663 123.87982664266781 123.11296675928611 122.24415902018134 121.4229519301191 119.69739060343359 118.23961158599087 117.32436253356255 116.27732795863486 116.14832421837328 115.94142358959726 115.80753954919109 115.42843302040126 115.01857632919197 114.6223456361432 114.13755436057653 113.40640991037658 112.39706005733447 111.63278004003735 109.66506397618903
145.1967378565083 144.46459720824583 143.86894310278592 142.7790864284622 140.88470143172322 139.47068626405357 138.04089379713378 136.68556805343184 135.24646972263344 134.10524770045967 133.02933047864818 132.45558363555267 131.4983449813226 131.1890116957767 131.00046606573088 130.55455421988736 129.73569401166935 128.90231729216507 128.40936638983374 128.28510340490445 127.997980164994 127.47725416537207 126.67036078124426 125.99021074178154 125.30076108835587 124.60630736827781 123.47499251175077 122.67074437995295 121.68185529505625 120.61170337364598 119.03652031550106 117.5953505820311 116.81154664061373 116.4737576242468 116.426969875901 116.30223136212395 115.94544981122472 115.58877258219316 115.27196471009417 114.89691300830361 113.99463442441987 113.41042988312023 112.17348474522377 111.38283600956306
145.4332355313511 144.67538283669785 144.0807838396035 142.94267282060383 140.99537855472016 140.1578087842505 138.63969157121227 137.22584272879575 136.05709773682923 134.91155299448744 134.15732488563853 132.82294624497007 132.28301588448295 131.60285227411282 130.9724179777104 130.50124760065475 130.04833735381726 129.32502788128616 128.6047180650281 128.489754043743 128.3797563596715 128.01738999209962 127.48592186474798 126.59169039736557 125.89501292528038 125.1623906687077 123.89454336893414 122.9279986763488 121.9476250413571 120.96224656691243 119.30006855933102 118.36333262931292 117.27075009993598 116.542114817371 116.48658801438445 116.50551145962288 116.48547900955299 115.96799482275411 115.70207283060591 115.00803216212724 114.57252227310286 113.81647738135435 113.19010669776623 112.45418260815673
145.50634990737183 144.93895120284822 144.33710226159894 143.15087037224046 141.91078027202627 140.34621141858466 139.16924110033972 137.61923378516644 136.94190147833376 135.8106780988467 134.74032214873654 133.39229143066808 132.815279419985 132.27615359315416 131.33394276704973 131.01517127421332 130.77857092551002 130.6213378545611 130.08192916616215 129.4401797325939 129.01931925262232 128.6547255604705 128.17491665492054 127.6018899217694 126.65092372452696 125.39252578369504 124.32174352956498 123.24604255608543 122.323369269177 121.32491633150565 120.15389139971055 118.93913301156137 118.09563553905191 117.18965288587516 116.73738123059705 116.79722759786172 116.75181021920993 116.32427396379167 116.03622731174796 115.45721909381486 115.08827925568622 114.39152948595837 113.76099447192168 113.08837891520406
146.49792721088886 145.27653028219106 144.63542923446272 143.4347540582774 141.75583477260574 140.46174780397067 139.52984721037285 138.5228416582707 137.93746811900078 136.84405008000192 136.1645472628622 134.1582213841192 133.51215620016836 132.56890059758055 131.9390804692418 131.58668149989523 131.44664574524003 131.62592358152244 131.53559648028894 130.6947887272657 129.75923909563562 129.25302905172472 128.74197860346257 128.15971159428818 126.9232646420707 125.90492804363721 124.84930124564676 123.94896113181079 122.64685666191677 121.53645351280494 120.71261601637676 119.93908269444773 119.0312327530604 118.10927067282134 117.66752437750307 117.42805110414325 117.37892558398205 116.67581923798937 116.36463339795728 115.81847670117084 115.23070129654603 114.82566504551207 114.3050966190069 113.65531600451207
146.93719405843225 145.60246469149655 144.91878425641679 143.62970773370301 142.02231289310967 140.80692493842108 139.9498914511663 139.4420692881051 138.50745105098844 138.00999756790543 136.82728077943455 135.73372050328766 134.07285068636034 133.4134481076673 132.78678075674932 132.11167434792742 131.82493210497344 131.77385341699676 131.71825416532033 131.23804925183728 130.81095537915922 129.85166782199767 129.32766665567277 128.72370990127786 127.48650633742997 126.17896188023576 125.29011508362466 124.25100526096323 123.32683756771466 121.94388043138787 121.21670062023041 120.5892529726863 119.84088189181897 119.23488327326204 118.47105735845128 118.28305981817158 118.0521628171111 117.4300403526453 116.5186207090025 115.96055560702837 115.69595140232708 115.40538019795781 114.97524264584843 114.36928051314112
147.84442953023213 146.0043670776275 145.20965207917516 143.89062346847976 142.85427336813126 141.36738866805243 140.40508902647917 139.87587071148613 139.34890569211132 138.82288255112832 138.12113798359422 137.2641300473017 135.65842320780095 134.50554970772907 133.6939305494115 132.91993168291464 132.32665375505107 132.077167222446 131.92423609844013 131.74605289405804 131.390432838236 130.96099361901526 130.0185876618208 129.25362828682958 128.4493094074802 126.68576160400582 125.56697311019812 124.56939337404846 123.62610186970569 122.61016995963854 121.88774067059869 121.03901500114782 120.2959388149117 119.76535590818365 119.53343380973182 118.86112245594249 118.39531299884977 117.74425824592686 116.61983005567537 115.89988306949864 115.73336634832597 115.60719229180675 115.28773878044382 114.72858685771112
148.12223087027493 147.43220684010942 145.4534336165064 143.75690352935354 143.06243649493413 141.66142521752766 141.28737785113725 140.5073320458165 140.29407375413555 140.05549649784186 139.59939869456554 138.64830833277648 137.15990223140284 135.63565274697766 134.64042690308943 133.9167446414361 133.42520459703164 133.02218426325865 132.7282738381003 132.5079778317845 132.1875173119003 131.88738475889076 130.81038404435543 129.8489591834043 128.97488773638298 127.12208618329767 125.90668049788476 124.84304968864753 123.7035088580025 122.86161521770984 122.15540880844914 121.46939043650164 120.74661324057465 120.11691887835619 119.94846210898933 119.36557973390094 118.7216439659865 117.8146371735372 116.54681249749265 115.66786542744275 115.61569709008727 115.69835034578091 115.56607110364887 115.09389233477629
148.28234452357222 147.5233829114367 146.7797440088838 144.34982142026365 143.23359191963002 142.01835583439546 141.6963247905474 141.12440988939056 141.14507224936784 141.43474534337605 141.20835621732883 140.12016204404296 138.41221861591305 136.79322448035717 135.62880753076504 134.6286615133412 134.19000936821365 133.8147624797693 133.5165548988253 133.01681695592967 132.71670876425338 132.4259483824465 131.8260051132131 130.4248323749467 129.2493652472762 127.40502473526192 126.22331760822276 124.93751476668128 123.90555234845984 123.05402728849546 122.39087904396986 121.76319800312591 120.9868233997581 120.12727875908169 120.0465854978492 119.70478175552891 119.03747790066947 118.02208517192813 116.69037298497845 115.7693724285997 115.67536839206504 115.96216144809043 115.94813339962512 115.56398478971992
148.66043166949885 147.93260023697786 147.03966119366797 145.13031400441494 143.88676389615108 142.6709996660542 141.80764907777663 141.70388420998339 141.8093793154916 142.3677412878596 142.30987953445089 141.11409207725552 139.25199175188632 137.6099756902813 136.33875698232734 135.4790445095046 134.79606037729639 134.5664310524796 134.04724381995797 133.06349151985796 132.93099511020748 132.86726129163003 132.25955676823278 131.40811689112894 129.5562100779538 127.79720465141602 126.52251571754908 125.16906924349547 124.07286087869758 123.21368857892251 122.68790021935712 122.32701897022251 121.51961682915912 120.27955785214054 120.12100138929725 119.96762718724541 119.22967908795896 118.46187860092368 117.4614729535465 116.78330941536409 116.52889908933385 116.41197254546938 116.23525425863139 115.77876005307219
