idw.asc
NCOLS 250
NROWS 250
XLLCORNER 2.0
YLLCORNER 3.0
CELLSIZE 1.0
NODATA_VALUE -9999
[rows 209 to 227 of 250, columns 88 to 131 of 250]
98.77687573773477 97.31638974196463 96.44369315492523 95.81578742786927 94.41079986469698 92.72840463954401 91.26503599355671 90.50045652962314 90.3515006852511 90.25171112498214 90.12104606895716 89.80027116485233 89.1921452855902 87.75813995289872 85.5479140850157 84.26945804760756 82.31135443209999 79.7127087744945 78.49247571939603 77.29774635162916 76.14138488150037 75.06292176949194 74.1294150178701 73.0233227620082 72.522973268731 72.37414056902362 71.78315823872504 70.85275509199056 70.23780717265662 69.51450904432629 68.55344491032102 67.62396788071038 67.07383976076807 66.8459872097155 66.60985355199551 66.68617567162305 65.7600886625131 65.38505457021418 65.07051445922224 64.84363319753918 64.57704787991038 64.5213413559058 64.52782184700493 64.70056778536299
97.7509017859978 96.3542574498366 96.13970786306885 95.86589629683577 94.80448765043867 93.09958218203305 91.7372478829176 90.86807661458678 90.6437847470757 90.60651647853695 90.35204681256138 89.88652186611314 89.52861385809346 87.68963469481663 86.0627296686635 84.11118302607913 82.18839282973023 79.2944567699349 78.12123321681557 76.94451875758169 75.8394654574583 73.91928090111921 73.2394838299562 72.42724616125298 71.69286293539973 71.42925773023633 70.749016397749 69.99132262486415 69.11234734674503 68.01771745407065 66.97264235195854 66.1469033933568 65.93275457927435 65.99243190938914 65.68678547826036 65.1065420763384 64.6892688610751 64.30589214539273 64.16206948039138 63.94351011814583 64.0890574480401 64.37709599907453 64.37625101438698 63.96423288948416
97.29332430161935 96.22007937273548 96.11626093728235 95.89075099488113 95.04104062852133 93.40373094365846 92.23956454804139 91.5002493860936 91.15018965164438 91.02261229427074 90.56974924332478 90.00681437946278 89.57125791598237 87.80842588510922 85.68830146144077 83.60219887136643 81.56974074224802 78.38247809056153 77.06486287313305 76.07496399437292 74.37753423356054 73.52001310669715 72.80802689330547 71.45689849811485 70.71727496826486 70.1458366209181 69.66261738561064 69.00330867641429 67.89112667769828 66.92946866205348 65.96580508531453 65.28358614585927 65.2340866192203 65.34448379518015 65.00045237471491 64.56683485493951 64.06487643983772 63.60862652973023 63.24064489308073 63.20757528586063 63.37091732363719 63.45471217556617 63.45840015213652 62.94135493157036
97.21563435782959 96.44964346840797 96.18907803606186 95.85722028434992 94.94264378511774 93.952468633539 92.80222374610864 92.11158465393791 91.69608591237397 91.47782431789648 91.37160571027991 90.08494665135885 88.61841554281831 87.59691882865272 85.73158499820394 83.5414549072689 81.91066568893632 78.01121927742419 76.71585038653816 74.67992654260917 73.64421379180364 72.18771294253845 71.74212506251509 70.03756352834476 69.61943085969511 68.9586285902774 68.51369685442803 67.59161432968952 66.85879224331092 66.29754000059503 65.48279705709648 65.18218598151282 65.10974890048435 64.90258852865813 64.41835261641621 63.795370503524765 63.16386303957558 62.516301686707926 62.16019328683748 61.85458689907564 61.98486543791084 62.23589035050519 62.209482548086086 61.718067919618605
97.25790620140737 96.36948240630026 96.01982063717927 95.59777805028595 95.00261088924995 94.17545693906038 93.45331164053775 92.59587804400732 92.17547608312248 91.90579255055036 91.23911570873395 90.1614409731291 88.44295457493983 86.5021351167198 85.38196228380251 84.09496730251799 81.73896439378731 78.04450431633808 76.36048175543543 74.21071904609525 72.46343943870886 71.54873839705846 70.00364669720271 68.76517173567358 68.01749646506107 67.4111589091841 66.7167187928638 66.2135673358343 65.97148889862214 65.5086994804255 65.14611875419413 64.88894445696072 64.8563148396925 64.49407114277722 63.90824490249752 63.22158318126623 62.52960724943409 61.80542963753607 61.242475588261215 60.777698643633606 60.79823793901992 61.16305493153107 61.10855900016483 60.94882327670755
96.55460815453577 96.18544200802656 95.83227903565395 95.43519570717295 94.95775609136193 94.4223065201213 93.73531058756657 93.26841481701088 92.91750299752081 92.26755286796002 91.48547243298931 90.23291315133729 88.25734252227889 86.54679486833933 85.00381846154445 83.7333587348763 82.31879819025968 77.46366159313281 74.56705821076473 72.50561288096304 71.8805220227823 70.40239781794686 68.86060352885681 67.65275076364968 67.1743854601013 66.37565845866413 66.00047150304776 65.90609086049432 65.50755061196084 64.9871944151249 64.57394500500294 64.32298158238657 64.07570938059874 63.76543867618483 63.18049681910706 62.39102028951238 61.73673762052013 61.07191579256631 60.53643812376458 60.11440828890763 60.11185932886173 60.31601849648494 60.435397803637244 60.58093552245935
96.15771693322233 95.8466876639633 95.54282331060332 95.21895084059021 94.85866365151011 94.47000081548767 93.88676826407283 93.52663388570409 93.23394208634927 93.01947361281539 91.69144085200885 91.52292621822629 88.073069620323 86.2735061345274 85.2356187310807 83.36772945554824 80.44693826664073 75.58680622174371 74.26274042087329 71.95516811699439 70.23473868012191 69.35357526570594 66.99311676259855 66.68300097951496 66.05198816075449 65.83383724569266 65.93720498014207 65.91261068857314 65.46875396848311 64.7100060707281 64.08202235551317 63.652244736345565 63.02745518530598 62.619132921396734 62.05237435678443 61.46121397336911 61.09384311904313 60.605575605234094 60.10785823718202 60.02285274042366 60.00996229763412 59.891379218007685 59.93385471156461 60.086833063077634
95.61312258611198 95.35875383608672 95.13565229418214 94.91806656884995 94.6848799635686 94.43078573428178 94.16709439484585 93.6696075706684 93.44277569826923 92.54478917848579 92.41347830013683 92.32321217250671 88.60776023992752 86.02540898432053 84.99685312870061 81.28118797612697 78.37643529734373 75.34196267247837 71.15890319750905 70.1987945901083 69.4325108823847 65.81623896676885 65.76827570691536 65.73807015339641 65.53785920670872 65.58175853607999 65.89186328151403 65.83974147922473 65.08580235105362 64.13356991441246 63.32164186843474 62.54744689835772 62.071882064790124 61.70739944640592 61.22040603782962 60.818781106858516 60.12647931807106 59.55318827839443 59.462181425682445 59.504046157448926 59.337344805527344 59.12835111123851 58.95456794297949 59.14276700959791
94.91777044630423 94.71416829374866 94.59458487975976 94.51261238254871 94.42431001968201 94.30764402343631 94.16319444168178 94.00519289513727 92.80571784579315 92.66808466796827 92.55573802602831 91.58989403935232 86.02450446418278 83.81064085537527 82.63605457797821 80.18365965738869 76.8445112943144 70.86401237952987 69.40602388376763 68.68581957431886 66.57926624810558 65.03703798776901 65.32847544118741 65.31208180209245 64.89324141997432 64.9440742973101 65.19459819864812 65.04850852505093 64.23727933278758 63.11972482404172 62.29093323593867 61.54825366909656 61.09935387825265 60.48347127267154 60.178391532650885 59.75096113599824 59.31773830508447 58.76573869170086 58.46618325587964 58.25313833780239 58.17965387445293 58.129889237617306 57.95867385419994 58.013905704673334
94.08525173147709 93.92493971904652 93.93003515373046 94.011653073382 94.08740181892941 94.11541432298644 94.09007910618527 94.02508664230415 92.8358882712579 92.73933826104226 92.65202460473664 88.44470199419774 85.34495497934148 84.3046439417517 82.01343066203579 79.00511950535002 72.34366185394472 70.04376596836774 68.75223773265613 67.9166819255847 64.18198888078311 64.59816777250742 64.56025407411991 64.46171876785549 64.22237670616522 64.06073549916337 64.06327243167492 63.73052372784973 62.59488196859584 61.77753401670294 61.16655372643798 60.704869827484394 60.179288994511296 59.82096775670725 59.420073855862924 59.1247945413292 58.36245926501085 57.67125105918003 57.434651143718035 57.17563098082945 57.14970021853737 57.1754512885196 56.95891865673492 56.97499301215688
93.38068637013421 93.06507009697312 93.21201896223594 93.47221816193753 93.71740182641267 93.8877623194814 93.97588947870807 93.33515552589931 92.82891600559626 90.11230813162757 88.44813071145536 87.82029355323822 84.61670828458037 83.52303727745296 80.38437879522638 78.34710171152062 71.44986533835858 69.26540952997973 68.36919001228851 63.88017285657138 63.49629789375113 63.01524631133362 63.40179509825699 63.07881953481383 63.07543162372255 62.85260900821574 62.79417283345509 61.99177795635269 61.345278040173156 60.650948764216054 60.099046269398556 59.81417512364756 59.5798102460316 59.28085984890238 58.687379521151435 57.887338984382396 57.173592356031925 57.051835587234045 56.85510275620842 56.669302221496345 56.667023904098 56.65736633789954 56.269841325808315 56.25064420575932
92.50829516377009 92.29979667905866 92.58348851480415 92.99986129144303 93.38650140569258 93.67404610854402 93.25923539396375 93.31244507920617 90.90181682743687 88.5419308673652 87.842116801818 87.08738537169535 86.282469506822 82.6730094614343 79.48662617000738 75.58298419687134 69.02670904906245 65.75833804701887 63.15358656005105 63.070099239501985 62.639730401578696 62.56870237331222 62.49529901555755 62.10961366515078 62.00737588985211 61.680990541705825 61.367900132354066 60.76215410439903 60.10746984553488 59.589115483972904 59.29881967869077 59.207784582187614 59.01079415991157 58.21312714508059 57.70547677651284 57.084641040239056 56.69958562362359 56.466122795037734 56.52231868192767 56.57783846035643 56.57659819012891 56.412842060838365 56.15355640015427 56.16034094291725
91.89958060911651 91.85395456127792 92.2118640077739 92.69809899864646 92.78184154126166 93.03573513472399 93.20238544704429 90.34862123268509 89.71521206864823 87.98359859917595 87.14380868642499 86.23845062491898 85.27641504223867 79.74370949291414 75.89772590108299 74.6041303933366 62.104249022467776 62.05116694513136 62.934472160425685 62.258819587097335 62.31355214134414 62.17532882345468 62.02217212273856 61.56099562659055 61.047424018097246 60.48972010070963 60.03075508378713 59.75011604133626 59.305412631960166 59.15651262495432 59.174032169894005 59.12866180623325 58.66506115446741 57.98332029639381 57.32781756175607 56.69929565217235 56.14912432776406 55.76409121228478 55.81506484393922 56.123058038222936 56.182964963305906 56.18151004468264 56.11456810850282 56.10246058242847
91.89972023811546 91.8742640075607 92.20842022863138 92.47724329084922 92.84965673573286 93.00685539971718 92.67462000221806 90.07149699863126 89.32936108124133 87.34155269473634 86.34327699994304 85.26634291168263 82.20924884749604 76.8587364482578 71.11358790350185 67.33795399172061 62.16518418362264 61.9465429983698 61.69203136257892 61.15814588030057 61.04035177216825 61.67736807465229 61.491620149139294 60.72303779931583 60.26890294005475 59.73713110666849 59.521460673068646 59.315639979104795 58.99445509904236 58.88682554777097 59.070201647565796 59.01358907888945 58.46165112095902 57.77815937217295 57.08493514621343 56.36292159680406 55.64768476712032 55.19182422052071 55.19122119923556 55.498610528397066 55.69908969696929 55.66864001818287 55.690147997781466 55.56983207961189
92.37581522691207 92.27916839140507 92.35604845701982 92.45980417967309 92.60909867402353 92.7907042976834 90.51956068503881 89.74122121303498 88.78687745555659 86.17766877840126 82.68182099212743 81.00697161434978 76.6210457725322 71.64614206015554 67.01822052674443 65.57043787311174 61.89060756590301 61.84205269119099 61.32049300537981 61.18553264302054 61.01138501693734 60.806168710861115 60.44968004890002 59.753785209092804 59.554857540836714 59.09932762041925 58.94665826422995 58.69043208675904 58.624816153412894 58.66595648512474 58.71868060204456 58.65586686865459 58.23693769205786 57.55208027555303 56.66831094894105 56.01362884958177 55.445251881086236 55.120750978452406 55.08526354300709 55.17018320625377 55.10437066402903 55.12457195872015 55.04807315074879 55.025808165342866
92.91376032889882 92.790220815302 92.54767560765971 92.69465142109507 92.88111177430724 91.02082334672788 90.16208780444927 89.1647772693705 87.9135303070876 81.9925994549763 79.75964315165878 77.54745853488372 72.37390564066813 67.71930849902328 65.89233505951874 65.26277067441937 62.04118386017255 61.58403386347348 61.480018900187794 61.310562052516524 61.08001578160541 60.45913225010546 59.852663349912845 59.42127182203882 59.33706860343073 58.92201889419795 58.56284283905491 58.468866027023104 58.45604114661893 58.48094515173964 58.61031820960641 58.55639983646025 58.010698763785776 57.089687944227514 56.34041641204145 55.6884883649478 55.1967616870985 55.00110461088502 54.89824984005063 54.66979992214179 54.42415401258679 54.33289317699872 54.343362374906604 54.38802946204312
92.99823421142736 92.72049354696748 92.2459849925298 92.1520351044761 92.06826111388125 89.80671596816478 89.3077317523756 87.5319461666607 85.84431074944365 80.94147612195121 78.64316500000001 73.44022748943716 68.3828196745032 66.30833259298446 65.50670114155648 64.98684048250844 62.262389721288706 61.85492860473268 61.755474530199145 61.55725802202524 60.91880191227332 60.24994979732784 59.868037178987144 59.36686059380094 58.86169960332994 58.74735736117252 58.40138830528998 58.30202061162041 58.23794283632934 58.144256006070655 58.11894822794253 57.96619119657237 57.369219523359845 56.56290244483289 55.836616936182295 55.19065891966805 54.684530643056114 54.26735237674513 54.03146685076016 53.58984354690997 53.41680228103773 53.30662928535254 53.23601402866452 53.289770372940424
93.01481692897144 92.6800713778619 91.82101638290044 91.61415374731276 91.56179077138856 88.68918526296707 87.67021952177004 86.46070046064764 84.09598548335153 79.8036422906404 74.32561941522567 68.9529192331301 67.66610619752551 65.85282199762155 65.16934300466832 62.672993826316066 62.74470696420297 62.24494552050296 62.1770371420877 61.95789874254553 61.2571675728968 60.48456295606496 59.97426930992452 59.37999190389003 58.81130562516875 58.53078003648336 58.24675395661181 58.2126091478321 58.16926836486166 57.80123935169083 57.57316993480781 57.278279188070044 56.59105684876617 55.826702680572595 55.07759597506422 54.47184387201645 53.739693150698656 53.307084569831055 52.8783339046733 52.676772538819186 52.59203175383608 52.54622302575886 52.50803822788692 52.495551698072234
91.90982045419199 91.94413680147403 90.9057845806983 91.3130612099028 88.96380887137377 88.03588640572369 86.99888730617853 85.77406667926225 83.22029614451189 75.84347501863996 69.58440832287701 68.15575525885484 67.00961822240828 65.44799866927069 64.88847146797286 62.948540495363154 62.60821197672403 62.768811729128615 62.77901714088145 62.26814729905838 61.77323293193595 60.84903946840394 60.16586768787786 59.556336089781965 58.80693778092777 58.359330131437765 58.26480879487593 58.36453520995508 58.31847494344241 57.69023498708648 57.05421111611075 56.36441975503381 55.88901900449599 55.16061922175416 54.368713698635176 53.76119304442088 53.08384316540208 52.389883645594075 51.945838656389405 51.82556002039549 51.84803326606759 51.84431059831692 51.81091446646927 51.70314592795698
