idw.asc
NCOLS 250
NROWS 250
XLLCORNER 2.0
YLLCORNER 3.0
CELLSIZE 1.0
NODATA_VALUE -9999
[rows 38 to 56 of 250, columns 176 to 219 of 250]
59.06666876721497 57.47936653867963 55.695201150030385 53.75814139544662 51.4240879790825 50.925610963197485 50.610797310525 49.731757356838465 49.4324281916924 48.70147913389477 48.21591960330269 47.66565195525738 47.31085389749825 47.056625805440284 46.74214138661846 46.57766643711926 46.37352945322339 46.296422688894424 46.2449223814019 46.20053229866323 46.139981143152475 46.09902987233772 45.87970850047404 45.591826073794195 45.25240799993889 45.07293366701455 44.90893717664687 44.674127747772324 44.529783779960866 44.404157098637086 44.3032841067744 44.19067427593826 43.97156451379618 43.95113706293052 44.02624778969547 43.9970767753159 43.93601075352663 43.97740678773215 43.94760470480133 44.061030149048044 43.99760685531956 43.82537569250567 43.8432268261318 43.86389795443149
58.76843737506851 57.46740204606378 55.64723174150565 53.955476531610266 51.37784194822224 50.78234049113448 50.43347237470418 50.21950334230512 49.84816598505139 49.13372658658121 48.54350855799032 47.932278936286586 47.58527604018304 47.30777342356229 47.04019607113186 46.917112557027906 46.78495240748093 46.66128189217539 46.61496874110777 46.54662197569434 46.5024157667761 46.41357008749922 46.23034294216662 46.09790948143846 45.772864890036104 45.49570564100837 45.33133564428104 45.17846801810802 44.931125477333964 44.79900330754169 44.66428214661182 44.73108444313084 44.63793603456351 44.53787752490864 44.45592407198509 44.53978096793889 44.58309325375121 44.65158604827307 44.7270140003212 44.53010076359652 44.388874462065445 44.29305043840233 44.14367971906985 44.136078344191134
58.514753706736435 57.201308548260606 55.72941547595099 53.498530964483564 51.21210067091971 50.6297851421336 50.45543065902867 50.409376277698996 50.18818450462768 49.41627444605498 48.76105045107307 48.26890965520216 47.74407212673443 47.47472428581181 47.30303810804172 47.21884373932963 47.20066114282335 47.11754235008142 46.99116516142505 46.89254572246734 46.77349475640009 46.67841097036565 46.521166754376985 46.36095906599288 46.24079032167813 46.002301840462636 45.86430546837934 45.55780314695043 45.41919114731238 45.15647800120456 45.18480329209697 45.11621260914575 45.017302566499026 44.92578128561726 44.971795657789016 45.090264934542446 45.175997030452216 45.262445078493705 45.263237497015886 45.09485930253464 44.88495746237622 44.77673480052914 44.645494767010355 44.398837502716994
58.13220207174319 56.919597992883574 55.349135537534785 53.221443984884324 51.26367131021295 50.70880765188678 50.447614745872514 50.425248804617986 50.12386738706392 49.44052138105549 48.859242514929456 48.377321336168514 48.013869075861166 47.60858989249718 47.45813940304763 47.411145702237285 47.4644530193003 47.52377325531214 47.37020758759263 47.11816072890094 46.916237656365865 46.832899968343355 46.69942817896613 46.58367172552456 46.48664015579313 46.39399450194281 46.167939002102734 46.0451676499973 45.9310914362795 45.803816951613555 45.74190641932384 45.668464988695064 45.549739385698345 45.440465205181596 45.43214907034247 45.39885539805017 45.52625613416116 45.67148617372172 45.654198609593756 45.45674020089125 45.2478993628679 45.03024240409 44.86177943297179 44.57728126083927
57.53289643678247 56.410152196123434 55.21304174107027 53.766761931979524 51.56512632533033 50.751291302682255 50.49937215331588 50.28373993343398 50.09991240960766 49.71101046488249 48.90473622939827 48.48153697309592 48.138626399847155 47.739451114702746 47.591240381777794 47.552360774245585 47.626694860782344 47.7635380988216 47.72399287848915 47.248235551922406 46.89979918780374 46.86601224441724 46.80082915733571 46.71408361577987 46.65195857887031 46.59040364203683 46.521053616014484 46.307324251902436 46.231598798718785 46.28594549052556 46.056758097019774 45.99588423774603 45.922118437856824 45.719429431350484 45.664645843135716 45.6650325626279 45.721178311648785 45.84378852049211 45.83981512515573 45.673519451914245 45.467259611355566 45.32556327600472 45.13116286040328 44.867904007445624
57.41738850990397 56.400140638073765 55.34288206251777 53.531201218642025 52.26648352336361 51.13610170895191 50.72895484222956 50.320873983721135 50.06696510769215 49.71321330931849 49.397470254001355 48.631051152167956 48.19840617379049 47.95858906640547 47.67159775767852 47.61699898733933 47.663929764872194 47.77566668768615 47.73886606871939 47.297655556166 46.915756391485786 46.87311521082239 46.83102174324604 46.76659478405376 46.73888766402997 46.71527625136041 46.68167295142928 46.67375446566343 46.76501160642811 46.558280126825075 46.55137019845981 46.311021534525054 46.220144390506874 45.98504946929617 45.86689665589617 45.83311714374795 45.83800132797566 45.857860701292275 45.85436389630115 45.756710787845 45.66534188790794 45.50735240459761 45.342482152783056 45.076040738664354
57.31961412621193 56.23764855513955 55.33043977239245 53.17535552784027 52.215834573314204 51.404100268379715 50.62359783302875 50.49296107173355 50.35456450683752 49.87100493081272 49.46071578294735 48.873656532690866 48.595878070945524 48.177015448364976 47.97917480643601 47.654188091769505 47.634107225635596 47.649472118125246 47.5661839150146 47.32458747904489 47.068635715745465 46.985043453814534 46.83907031437413 46.75366742725242 46.74718923035418 46.78828197021887 46.84818833035781 46.924779845339536 46.96798836315568 47.003507106945065 46.85506750491243 46.80570466933926 46.711667947648586 46.273570870619736 46.13995448437022 46.05500987787124 45.91677716242609 45.8586957845819 45.90184021912723 45.856339575727745 45.797569322991535 45.702238286688754 45.57364296829769 45.305818441171496
57.81339175983088 56.47742547456363 55.32145111787075 52.918053211371316 52.41723106441718 51.24460616019495 50.92260965660055 50.60610546353034 50.45039596068122 50.088906050107695 49.70953399458278 48.98502623225515 48.72786721481814 48.47441747766079 48.09120807131136 47.92697459987134 47.719426061323674 47.5909012498642 47.49260670505428 47.360881639695755 47.19811257563545 47.07058527963014 46.92616272333112 46.770443907918136 46.76721319468059 46.86749634256525 46.96467611541478 47.08996187551104 47.18427613647851 47.31813851057303 47.36744034168494 47.3519720596895 47.260513237600115 47.014967890912224 46.537141863177595 46.294187038255274 46.10033819628639 46.06045720962885 46.07395641979273 46.0801067020241 46.02296719309117 46.10116358958785 45.99122067164524 45.83068890906188
57.64648247693975 56.48819895901229 54.603778038322126 52.643853904785196 52.152659138943605 51.80321420480528 51.01680897757288 50.86919122480917 50.49761883765643 50.19648145664442 49.974761171443134 49.72074085951606 49.14179951319136 48.76126343713091 48.40671609746991 48.05268975128847 47.930546201940594 47.80835594158365 47.53687747592901 47.46426193571715 47.356949874893594 47.288268949669984 47.2132628347366 47.04408354153347 47.02075262093461 47.116916076146964 47.146193687929845 47.29394763547958 47.480611275724314 47.62567419465074 47.72116038839643 47.72214248990345 47.76321962024286 47.57159333504951 47.552208837401125 47.082949770921225 46.90021799980715 46.54985498654947 46.52690579469341 46.57857951363502 46.524687522686186 46.487655006011984 46.363491988554564 46.16065971776019
57.2856938532492 55.87743153267836 53.665581791851004 52.8859417249208 52.15632189473321 51.779650363626686 51.12982511764869 50.9011654504263 50.72550647255885 50.46052276891577 50.107977077749034 49.87336146141204 49.31342241760799 49.05990008603037 48.82030192055525 48.38879714881721 48.222335183340505 48.080331759074724 47.97368493945656 47.81145688518786 47.79629358376662 47.65855331495282 47.67092300266827 47.60319865909835 47.470616480207305 47.44717911657077 47.56445817207619 47.70169765808513 47.896788586874415 48.2185603831904 48.34163939681828 48.352374432768315 48.26029318064161 48.07358273100295 47.852663172858215 47.5374582601618 47.277968966800245 47.19612594091729 47.10568388176801 47.230489656582 47.18463789802839 47.14632407723587 47.12532801981396 46.85211595521028
57.049631238561275 55.131925534463534 53.53389253442346 52.62382039789609 51.95406855034834 51.54376184282395 51.14436969035882 51.04526551280663 50.966405162125625 50.77832951561791 50.63799380413908 50.30015311206171 49.53648707445635 49.28683566808516 49.02814499511665 48.779332642226166 48.39478243115195 48.24857712895819 48.148451169780984 48.10323964471986 48.01267267910429 48.1240492475151 48.267395240499425 48.25052030763019 48.03264433507183 47.915708641023144 47.91646099078818 48.029453881339826 48.235511252984615 48.46182298880759 48.609919414075925 48.61792078099529 48.50471638678505 48.305027767820455 48.09032836480972 47.960267459149165 47.71780025392352 47.550104285488004 47.54839270754707 47.876428446032484 47.95735138567225 47.85742358083496 47.64325830210392 47.27451364879687
56.702460923511 55.18480768321179 53.982109149619404 52.415884943874865 51.5290780952473 51.044880321622756 50.83633023218858 50.8962455482894 50.92085466969351 50.89370975871963 50.69427270148691 50.55651074588432 50.12163520369609 49.912200461820376 49.51730628800768 48.98723063804843 48.76040356784732 48.413767118077644 48.31069746071802 48.22043258910115 48.21315166702638 48.38857762828836 48.592459198388646 48.59087236208418 48.36780163356585 48.1535995057844 48.093453050426945 48.17700687991594 48.38029015643431 48.61836988021799 48.77417163480623 48.77615521882442 48.648160118177486 48.44738995958287 48.24590139280784 48.14760886218781 48.10182442050787 47.891113798314564 48.15183005607702 48.30362662277461 48.456638801716466 48.44218547106499 48.12878040987325 47.67038930185561
56.2766463480538 55.0420266041952 53.81636743503722 52.3378451476356 51.306610293569534 50.62853192336501 50.558020477367975 50.80391895198151 50.87277034327898 50.85288355534167 50.69655945994458 50.60683496814082 50.26290010215656 50.09574598052588 49.88140075853833 49.63448792966182 49.06669974515017 48.67453251041057 48.54150536620402 48.41998639363012 48.440126709149276 48.47525271733036 48.61042681165225 48.60994351644755 48.47319410769413 48.253617250592995 48.190820314844 48.54608535039269 48.65970893232343 48.75663329543699 48.805276982898256 48.80900720896415 48.787356543558154 48.75005245592366 48.75813085654474 48.26013924412899 48.40804319689193 48.44949517584297 48.45174071860933 48.5897669723522 48.746517552105644 48.73650214859421 48.43639125579952 47.94732035170833
56.02443763233222 54.89896189365364 53.802624815447444 52.43062279851657 51.388728228505364 50.65719351405444 50.59314900913337 50.82749785090172 50.88878651733482 50.73890158956904 50.607832653891435 50.5862997303032 50.36362270702944 50.253121223775295 50.0775325047374 49.85221059502538 49.56824974767346 49.14152548502393 48.60672281828297 48.52215640254365 48.49927916347283 48.49811689406456 48.51293019788917 48.51252366115838 48.61267880359943 48.604526538256344 48.585086313873596 48.65543062992798 48.73095145456452 48.783622613455066 48.815845301486206 48.92693840314677 49.00553254955895 49.17521138120811 49.282932125457215 49.44512333498341 49.419142453721584 49.252844925198424 48.851375546202135 48.67505263264744 48.76674629254551 48.758106793419024 48.52841779773029 48.05304955223434
55.70865639799374 54.77240564047613 53.92815177138471 52.83860646301381 51.99908319094689 51.35756819811303 51.07087456820039 51.10090096457344 50.8816752798798 50.480301617245054 50.41621947264103 50.48773532412924 50.42363698997251 50.38593164242087 50.25724263941804 50.05962104861704 49.77833425645705 49.49351652771761 49.07709387964475 48.62021545909429 48.558326123226266 48.49218733470058 48.727001906188384 48.977453823613615 49.06981595796344 49.18723262686832 49.20152231374972 49.266470047778434 49.55437174104859 49.47323787551521 49.150991894745516 49.17496206290918 49.26401693891309 49.46284414591379 49.68521897732982 49.744233414087965 49.70293543005171 49.584821100216715 49.37687275415438 48.90493175240968 48.86213333523925 48.778725352255606 48.57318199745646 48.12544541011259
55.3884778221837 54.638772729515196 54.074335175961 53.36372227635569 52.77608591429526 52.2109478908054 51.69184739619568 51.32117187362688 50.73778086396318 50.17265583976307 50.12279313237055 50.41634444689224 50.479371992683745 50.51411584222778 50.43043583375548 50.253307693168175 49.967965695864606 49.71490574404594 49.27612436864888 49.65686091838653 49.2214663933492 49.47108602797216 49.328002353550936 49.36615961091294 49.46820367732345 49.59558339165402 49.699875038653246 50.01478280103408 50.02968545287328 50.05908682515265 50.016604971108805 50.041204057596666 50.252527166365496 49.890290624029944 50.09986113928669 50.136049301141156 50.23256272264173 49.942174257506835 49.74380035963413 49.50977434021267 49.27319433843425 49.01583105768527 48.83053054291639 48.437451887464306
55.110401350417945 54.477240014585966 54.12233406922466 53.790635064728065 53.38604968325581 52.67563824301923 52.18237267355878 51.66854896677541 50.911991120508944 50.21061597623463 50.17553795318402 50.4257399267169 50.608731983647594 50.674578284076645 50.62047061301497 50.46579990757505 50.250002750295714 49.93924621826447 50.18497067036831 50.01619101799183 50.025111115818255 49.95103454425979 49.940696586289405 49.89013321292503 50.00468412642493 50.58715722281437 50.68677868909077 50.81011508429824 50.77694269388661 50.77330219860964 50.76955572507644 50.958796400041905 51.02698816448119 51.17254674654955 50.63919870384937 50.64291040082334 50.748326666152806 50.503820066083776 50.25446429366717 50.03053671435812 49.737881152347995 49.683827827924276 49.33121274405935 49.20046487595036
55.009508488047146 54.377305419535325 54.07924512595564 53.99905487529372 53.72121051721311 53.0676688502196 52.56874735180019 52.137997282161976 51.609885210059346 51.01562253257179 50.83010514501403 50.84686741859482 51.04517159310781 50.90918021096329 50.83967058173643 50.68888220672368 51.09430890392879 50.8619384892741 50.54909625645247 50.913490728447904 50.863629684059745 50.51441512733881 50.55257844520625 50.5431413521505 51.13618410482001 51.40172074625659 51.80983039415891 51.78954955949515 51.87951114782026 52.20322048495148 51.8939646195393 51.91382606957486 51.97063216644012 51.996778988031565 51.983399852568624 52.17045860464724 51.38933122972236 51.33492833119659 50.88305681723358 50.663052737392135 50.51129764181955 50.22999821056957 50.210470178659726 49.574819370597595
55.01755501474355 54.49646008495878 54.1154647281187 54.0500743182985 53.9297979179742 53.41038094101054 53.07838761112543 52.73657339244 52.53195870436825 52.13178892017481 51.93872419968627 51.8242469399446 51.811012338250535 51.94664594020181 51.093085511284784 51.48480734266354 51.420484650884646 51.20580896640008 50.940780333979696 51.415326287799274 51.462935331579835 51.48104999440495 51.255291500015815 51.80350355205144 52.01491568535727 52.63157829707651 52.84578867476784 52.78348593700614 53.24340316003605 53.31266177356198 53.363310298155966 52.991216261905656 52.959426142197785 52.927421824379856 53.176885962179405 53.01329294249348 52.78967461082568 52.117387677925265 51.59440963387002 51.3578189843815 51.18261375248973 51.08130076102444 50.77280006515255 50.26607802162435
