idw.asc
NCOLS 250
NROWS 250
XLLCORNER 2.0
YLLCORNER 3.0
CELLSIZE 1.0
NODATA_VALUE -9999
[rows 19 to 37 of 250, columns 88 to 131 of 250]
102.37526212672743 102.74959592336364 103.14315006752213 103.55027550849967 103.99350945769152 104.69387956625063 105.77098579235661 106.4562003462239 107.11740126065042 107.72364999621323 108.68838146301312 109.0845431424967 109.50856151865835 109.69792774975728 110.13964375202296 110.42604974793467 110.60870424600972 110.8713481345107 110.9163155165621 110.85274386517035 110.89582549411823 111.25901479523687 111.78736915380597 112.17511292848596 112.19158358148408 112.21578076828945 112.48281636349566 112.84759783861979 113.15792116589351 113.52645102467528 113.92415369358581 114.13608340506845 114.32940045825045 114.52469058031724 114.65885549919105 114.7706484960331 114.83503652561937 114.92737072374175 114.93963621731804 114.91765608671294 115.07202885418873 115.51983141321129 115.9638644686951 116.45188125554176
102.7986586430317 103.21457034702502 103.59811113496461 103.90790887943243 104.28797789591178 104.95175714299678 105.93324911106625 106.66114662084414 107.35846048946988 108.16464366518251 108.91253986456483 109.31513297044465 109.69978608154778 109.95847654973828 110.13758182328098 110.35512263521242 110.5536977534696 110.86140492214251 111.11697071361851 111.15863567347395 111.28356122276696 111.64262503760295 112.14923838061344 112.43619107879812 112.4907694215668 112.58527777113979 112.84580867628739 113.15510243573804 113.49563119959839 113.81973919731509 114.06066529702446 114.25280374361346 114.52261179044527 114.68034194743318 114.79423096518295 114.81165066822672 114.85458876759598 114.92419105051685 114.95404936525765 115.0300809980152 115.26312536805136 115.70227810213537 116.23334603439186 116.73916533599898
103.3519250258035 103.82140624322146 104.02711814091396 104.14719584835193 104.46618844376765 105.29187187632684 106.19462272368857 107.1364508270284 107.81527707464922 108.53711825511871 109.09297572527318 109.49784469849462 109.79225005299637 110.02500658122581 110.10795483045737 110.31328373361094 110.63590367375454 111.11540182756873 111.35480919632639 111.50592776230306 111.81742908732971 112.12075949243516 112.45392412731339 112.74015696132304 112.95438204743363 113.15752303176323 113.45636435500552 113.79341986946736 113.97988322118411 114.18964141759172 114.33749522761701 114.46097767099046 114.61968582281906 114.74473534631441 114.80251708044743 114.81552125791127 114.85930461993605 114.93561251406682 115.0188953487531 115.23914795035941 115.66729342172759 116.05847494065122 116.47860749370693 116.87913510427609
103.78053759489397 104.26572741160305 104.32056188667485 104.31265032334501 104.58778898982743 105.44986534692113 106.59962144890824 107.38439555538586 108.1901287173846 108.71106136521946 109.2008817521114 109.5955596973817 109.89893611697404 110.05805052819711 110.09279617161256 110.26528776072655 110.65018884608855 111.15781498662108 111.53229130207352 111.92419569332577 112.24076555093004 112.52979025379584 112.81839411491407 113.1048465254275 113.33238919773389 113.63426061411839 113.9434772787723 114.12925784691521 114.20042770959 114.33141660073278 114.4440923445236 114.54082866085339 114.67529787854879 114.77241806909971 114.81948357766908 114.88069909575437 114.9346865788245 115.0313357785205 115.14696917808543 115.4329640360181 115.87178668179621 116.15041628646215 116.48565780282708 116.80942653301639
103.84592984191056 104.2904638057627 104.3387470984273 104.39050234695739 104.73460291650514 105.72737585629888 106.88386408948327 107.70736314013944 108.42381042884304 108.85095269418707 109.18354717864557 109.56980863380889 109.94749149449261 110.08246973260549 110.1036211341538 110.2876432576284 110.76378863281575 111.36554525816076 111.84744220123386 112.24338442341286 112.6213895601453 112.91979371532166 113.19126495412732 113.43969212140789 113.69867204032543 113.97033446700773 114.19390659752382 114.28504975108086 114.29658538017406 114.3833886981138 114.53135903157204 114.75585822348606 114.84796320918551 114.89960664305524 115.0193657117243 115.07030431230996 115.1685190737649 115.29216376311322 115.43574119812611 115.66860910102505 115.9851716253001 116.27110241064261 116.48371856306561 116.7506762955708
103.67905798730563 104.09207778946737 104.27005454885219 104.49370247025746 105.07271232859597 106.18714576744108 107.33404889801696 108.11818025217582 108.76997379905846 109.05251129976745 109.21716262210316 109.57353348734046 109.96161483773207 110.16812294481346 110.27445456274998 110.5548082228471 110.99232644998827 111.62587671989311 112.14792251785592 112.59560985337077 113.00077095113642 113.3002837270483 113.5487212995528 113.76870034214716 113.9919883261343 114.27234287261794 114.34734558793811 114.32233933568534 114.33484738904617 114.49148462207593 114.68659354093364 114.84949396876408 114.9830770533662 115.05315441579495 115.19075262895194 115.27041797514818 115.3870314394446 115.50913148180858 115.77247480003615 116.05748671152318 116.35836450274522 116.56788702622109 116.71800176850213 117.08931367333687
103.6559366331752 104.06407756643924 104.50764184458828 105.0841428726918 105.91485151125784 106.68235639580118 107.74446641925209 108.53159359963763 108.96522608569481 109.12187275875215 109.17304909160333 109.47787478855635 109.90863492714823 110.40352049341134 110.65847958606122 110.96263403281944 111.36736262168115 112.01047176077657 112.53317282994284 112.99587383388332 113.37480084449926 113.68238450250378 113.88764838287128 114.05778926339516 114.29392334615359 114.4974210443344 114.57759910573247 114.5735578491784 114.52960178960394 114.66227775851016 114.79870908923553 114.98528049718513 115.127590297941 115.25196856954965 115.43800186466281 115.51661728648692 115.63637254536226 115.78951112027083 116.0484299360682 116.31513190367589 116.5780849099614 116.71610787637502 117.07403979977653 117.204579295126
103.92224206773028 104.52690563626427 105.10083982816269 105.90393697876146 106.48415192189171 107.44430468944792 108.0487413347102 108.74289499315591 109.05423083745386 109.1388324422799 109.17615946329676 109.49027009305117 110.17030533747092 110.68281512094984 111.06552366223514 111.42874219682126 111.8721726509658 112.4678538077845 113.08554155257443 113.52707791346836 113.88561735139757 114.14046133656507 114.27631755023826 114.37072929062246 114.53557701637351 114.74480508075999 114.80434099951736 114.80619175387362 114.761309326659 114.88476571800051 115.00385130782585 115.1605419439638 115.31021800204127 115.57054174743138 115.69192629309971 115.81488350000203 115.96654976947897 116.26988537996678 116.64699198372944 116.88286049681808 117.08747783958982 117.15347234503835 117.35839867814371 117.57442276756993
104.75828261745986 105.10939386368426 105.72862087501815 106.39115271238549 106.90926807981268 107.80228541191693 108.30235852690596 108.82482433650027 109.11151124898123 109.2850907769396 109.4514627324273 109.84023837337938 110.44611866925567 111.0272147176396 111.50641150549569 112.06585601605546 112.6536711130166 113.0917743127938 113.51915634927232 113.91463148406504 114.253288102758 114.46874345255337 114.53652515504088 114.56232232985094 114.7298907988197 114.84529320531772 114.8490044525316 114.85642768557499 114.99379021892614 115.08392267192738 115.21276323482381 115.41117687254032 115.69540461354018 115.88413816026771 116.19265931417172 116.39496036666122 116.58971818606976 116.9678502534798 117.16865825617893 117.23290055909182 117.36783003423506 117.42323547509244 117.58599866555565 117.76227189101569
105.35863238957745 105.95754396459071 106.355607284469 107.16755330075563 107.54045938638103 108.35576032611428 108.72100903920031 109.14764063603207 109.50034932421687 109.73692921738802 109.91192285466231 110.37952520576908 110.85933933221233 111.55027967658525 112.13199746194893 112.54323950995428 113.15912771556556 113.52063418840076 113.87233069270638 114.20784855022644 114.49607993614828 114.6558414537663 114.67303585353426 114.75218596322321 114.86520335012537 114.99566863716765 115.00966746685614 115.05331366384235 115.25881717883946 115.39838361664206 115.4581964773878 115.61519272198105 115.93262455154998 116.25682414415813 116.51219550001952 116.78241788499473 117.04543141582343 117.44241948640783 117.59405913800218 117.69983692211832 117.76183957132277 117.77745803868243 118.08837270483234 118.07369440715028
106.44888353765995 106.81523438171138 107.34346593546076 107.69761800335587 108.28854402330278 108.5814841328039 109.04972422666825 109.43589225486494 109.7983244106669 110.1390978443135 110.68940301914343 110.97711772872 111.76620323120693 112.26439739308046 112.65745590656371 113.04773042861325 113.60307540072273 113.8790305079655 114.15301521430149 114.40882067211432 114.60717007747562 114.6872609020623 114.70459977577451 114.91422632989277 115.11692048142979 115.32322388666404 115.43299359379355 115.5474900019863 115.75523864799932 115.82922076162694 115.90924875652776 116.09038631563004 116.4065294414443 116.68593069294805 116.98748257016527 117.31199242286773 117.80347347861532 118.06764798582883 118.15962156643563 118.14004842706603 117.97561239972026 117.99641577987278 118.27246822304464 118.39955470695767
106.99981016785374 107.46776491930385 107.92096513576524 108.45367320461312 108.7283115621332 109.0024250091148 109.43559845323136 109.79034134222935 110.37466680757919 110.9345097157371 111.14865603462144 111.65882059954595 112.27997451266947 112.75283278490569 113.17822535963198 113.63565125057464 113.96934546857587 114.16640103503397 114.361591197672 114.5893221913138 114.82342933578653 114.88154656380237 114.98354726313389 115.18843907031729 115.45560302773649 115.64414523641545 115.85962529903514 116.15157451434604 116.19817474388697 116.22965743224945 116.40951047481202 116.57419281836539 116.85263581866428 117.08171380097083 117.29603587931929 117.83051620713121 118.16258382121941 118.40398715436895 118.4446321754695 118.38411185752682 118.3111951365519 118.31488642560235 118.58219251122212 118.55324946898848
107.68465332405346 107.98014226479026 108.4327881394758 108.87715666924277 109.12605482398327 109.38973292723033 109.82847779776827 110.75932948910368 111.14917066943748 111.35907321874942 111.78798526531965 112.14441764833933 112.66340054649712 113.15690628529778 113.69807590958118 114.00752070391472 114.20284109196969 114.32790855964322 114.50897675770102 114.87806898247555 115.1167425527915 115.31482634642506 115.52100327032606 115.68008692916698 115.86876332812227 116.01578538402944 116.3113252096797 116.46108978283561 116.49785857275084 116.55845137101446 116.59919011813568 116.7928900274597 117.10024072529629 117.58420199154543 117.83557710695486 118.06720026809823 118.3707154884197 118.57336878427185 118.58554168555298 118.51967678064898 118.45618626441838 118.67874199699135 118.72270176920799 118.86861128512612
108.25474039872448 108.50130502985552 108.96182646254441 109.17305942424849 109.59320887760414 109.91573323311347 110.61271759881406 111.11361422826674 111.48316924323336 111.746167292207 112.17289497043083 112.67566987410548 113.05654433550757 113.45168984886244 113.93825621342748 114.19194400508687 114.30574809647997 114.36399731096733 114.6340330018892 115.1575813277222 115.57397759335518 115.87481547361904 116.018737601773 116.11349522420966 116.20030755571213 116.23945550537339 116.47694693357415 116.51765683078264 116.52798336212848 116.66571364309578 116.89581672283177 117.1354172481428 117.6573484258534 117.8290388750828 118.06664693115378 118.28314192560465 118.47321393939426 118.58848423818546 118.59639585974763 118.57380786824878 118.63761344872202 118.77278717017369 118.86149176158726 119.01570565823502
108.72242255367708 108.935738353979 109.0755813636913 109.46201144244355 109.92066341244595 110.38586095252886 110.96815472698638 111.40375342370831 111.84662975831333 112.29203545432225 112.7418948635638 112.95718301758546 113.22019608315753 113.87048009527483 114.1176357547687 114.29301073582151 114.34239537473178 114.39019640939924 114.83301680366776 115.45992749661197 115.97602370806152 116.30962618043924 116.44090513119271 116.51339343652761 116.51141221509093 116.68081074914393 116.68423692496054 116.65210301988662 116.7165704453929 116.93795704071586 117.22416502576716 117.61068734872305 118.00788584157513 118.28549509379077 118.32549173175909 118.46040732903289 118.5973808933931 118.62056483708395 118.614032514825 118.64463277980676 118.7624402098316 118.92581547538835 119.13947304418414 119.56149485600365
108.96958963580263 108.89455335827562 108.9335071997269 109.39614908546311 110.08582105181469 110.71169616496181 111.36870656823092 111.82304330835724 112.36945082426843 112.57005281107034 113.0104087586857 113.18207139419856 113.59157038820513 113.97438159785436 114.20552278297536 114.46138014846062 114.59623230108534 114.78132120819448 115.2165627180727 115.80108670363401 116.3769899929935 116.5949996127347 116.68370081802445 116.74596195827708 116.86305337659792 116.97914554113123 117.05425006577192 117.2384135975461 117.2170247597195 117.42615591421936 117.72207593733084 118.1093576332798 118.50347092617284 118.755820673466 118.91809358318685 118.8698715168368 118.86304892833161 118.8729338637014 118.87720897295581 118.9655610649447 119.14715430254431 119.23907573172279 119.4825222801155 119.70554447626316
109.0851866633184 108.93040507620563 108.9761683587662 109.5824816261122 110.43498658642734 111.18987796062993 111.84271357438034 112.28822475035584 112.75244449293369 113.07819832186215 113.35605982297602 113.54820273615746 113.70888649796275 114.06823462466009 114.27905776605256 114.76032082008138 114.91720430715829 115.35473139815042 115.71812251079672 116.14489162032879 116.51543257921992 116.63192560470068 116.71890171485887 116.79559107538361 117.02619640249245 117.27425464201903 117.47037468396994 117.65731687004585 117.8233541136464 118.04737798205906 118.37704656144737 118.49504884057414 118.87491674530747 119.11881835229171 119.27287123431162 119.31881413418947 119.3521066542763 119.28604148267567 119.29263517167307 119.48293992577592 119.58172030733495 119.59183506696864 119.65803690713868 119.84005213502175
109.42182561591123 109.39174029246907 109.59427776808838 110.2127563946063 111.03816186776402 111.76578255204248 112.42613227419423 112.77549498862226 113.25501724092511 113.49456250643277 113.54643794336893 113.67730433875163 113.8010932675643 113.98580921700179 114.73106536681088 114.96616142311795 115.38710467870133 115.7762019869661 116.10246347062863 116.41891325084035 116.66606964363248 116.86233932069322 116.89748376727547 117.06788887950759 117.32707605869372 117.60709036797289 117.85462324956558 118.09719927366785 118.29550277995449 118.55480893458676 118.79867741274057 119.05583114293388 119.28843643375099 119.50340905288742 119.63364841492375 119.69684417773692 119.73970160254838 119.78306327632261 119.7941637078547 119.80438087305126 119.79797318106363 119.86302562515625 120.03354539991892 120.07615031703801
109.76126853678042 109.95036897583437 110.39082885002102 111.04692316440332 111.73849060617613 112.47183602093186 113.07238669568102 113.44790948231929 113.7152346585419 113.80424121338433 113.72368400184133 113.78165088597943 113.87355154791163 114.22734646149016 115.081011181403 115.38637313268916 115.68407703020056 116.13766323824164 116.67412406367993 116.93379517087263 117.22413358543929 117.38680299860447 117.49725332473365 117.60094270069472 117.84405248644887 118.09278095858431 118.36515082341433 118.5845953642145 118.78014689971556 119.00564547276747 119.1972554994524 119.63161286522241 119.75199904215874 119.80707690111825 119.80241337254088 119.81804989160499 119.90972790957858 120.0649789644744 120.23787166259635 120.12754254226688 120.15557553693993 120.01232779493493 120.13974889478949 120.16781610971884
