idw.asc
NCOLS 250
NROWS 250
XLLCORNER 2.0
YLLCORNER 3.0
CELLSIZE 1.0
NODATA_VALUE -9999
[rows 38 to 56 of 250, columns 44 to 87 of 250]
75.69061285857845 75.65370446594599 75.60657921426609 76.96128729572332 77.54745316677717 78.85513381049641 79.25472601107936 79.69818729156317 80.17694118435575 81.9901327822368 82.51373774453155 82.98035380202838 83.35735865171266 83.77692751183069 84.09769203767735 83.95837349823125 83.78012902330568 83.57916265618404 83.52041341314022 83.61579075261261 84.26326957186996 85.10695920319162 86.09484290751548 86.755573401779 86.77835048762847 86.45741997604033 86.44792383293014 86.43615561572553 86.51438764519008 86.50567696262857 86.63491004744026 86.59486198393914 86.77569369967192 87.22164554330163 87.63759753002526 88.73684029610608 89.19405310455146 90.32745136598162 91.91733337232998 93.6201135352614 94.3200699437981 96.98390068548318 96.97254447058499 98.3869555100234
75.65435366443583 75.6221624350433 77.23112670953125 77.40940331879007 79.28273672708195 79.73646927298978 80.0386883863377 80.53345585203961 82.08406657214368 82.92701373082677 83.45030789882917 83.90919681755078 84.68427519506973 85.25771562601084 85.007242374865 84.85120592736142 84.9831443357179 84.92635126589084 84.78688587399643 84.74258661049072 85.20667003870898 85.8652951280422 86.4916084928552 86.86657640615108 86.92216002907918 86.91019722436359 87.02348847395658 87.2317861834425 87.46217886968343 87.66995164022822 87.73996778290011 87.92335529765839 88.5728104259181 88.84410561607523 89.37116624444849 91.16781837693435 91.92845216941869 92.48801985963328 93.97371166616684 95.63569746911173 97.27388300579508 97.8592713839258 99.6603994828838 100.04127912961684
75.623425383978 77.51830932438199 77.71358871135493 79.3591207231325 80.0762518370762 80.59589147527913 81.17568328683852 81.43948683026719 83.10193497906891 83.91057369518916 84.4462129079064 85.42152245347759 86.24126362551453 86.34139538857373 86.33076765302195 86.42686462481353 86.55410541133311 86.52984153643108 86.18656633537326 86.16488564513227 86.16164200336199 86.452868154999 86.71273162088515 87.02457115632039 87.43200171163095 87.74884266055173 88.30935429247242 88.8965751103574 89.41210773827609 89.81730895827822 90.11688414949326 90.6401221509793 90.16738179358249 90.39776377678987 92.310958992859 92.75900466189454 93.2233097234194 94.69547619744807 95.2425616427262 97.75923384495054 98.29494487644386 98.78817496965885 100.44580310636172 100.78622462796183
75.59690464535889 78.02362925417303 78.28459366194699 80.19523638952703 80.73984737771072 81.51319360601273 82.15831487737364 83.51309997608713 84.1615728186391 84.93391833830337 85.49392888073733 86.50508952820789 87.36196838382762 87.51880446193731 88.15984025712163 87.74761779497634 88.35933417304385 88.51165986863677 88.7203431525387 88.40036169545988 88.25318753118736 88.57897383706111 88.76755332489994 88.7417644842587 88.92165999723856 89.08318282892498 89.48747474354181 90.26070095154765 90.9835996831424 91.55705934067727 91.93796592775172 92.98615478056655 93.67542434097778 94.24779249082792 94.58311760513203 95.13803910845918 95.63359326078756 96.13184835858988 96.58035133715201 98.9049911351824 99.33899899925787 100.91356270763721 101.2485887883936 102.24845283537256
78.97604825018098 79.30949976112409 79.72252421134701 81.08634948497948 81.71583690760036 82.46818217520367 84.32601517981557 85.08500915721015 85.24355242749299 85.98197102099903 87.16363589965023 89.05431697943483 89.21728545504642 89.33498400681601 90.57834106136156 91.23027367769679 90.74913098267189 90.56530566297711 90.2578037499551 90.07017143945653 90.01354327423718 89.86319600303885 90.40272160733275 90.43141146814756 90.68655375191645 91.22516603700069 91.94674803490237 92.84810874738906 93.47951162693253 93.9423547708151 94.7091014922475 95.29323935059833 95.43690048484133 96.01926429488427 96.80813593507814 97.22432925252566 97.23598888598045 97.64794919895523 98.76242054688662 100.02990382616018 101.45124512110742 101.76687065013584 102.66902776837333 102.99042605969478
79.62891010231202 80.03828942901711 82.35490361233342 83.04238562949318 83.82255584221537 84.46292920896639 86.39192604345544 87.16964017910837 87.92015143297007 88.65481441307962 89.73771532328124 90.70304478273098 90.82815214319915 92.05735804248762 92.43376007900137 92.53019327812694 92.45344339610286 92.10396910607072 92.3432991448716 91.84614983093886 91.7319016939684 91.80787007152622 91.8152762791488 91.91134565006398 92.20922920572463 92.76102581930502 93.56279970861098 94.54945812537935 95.55892982249384 96.4582293933947 96.84054019607731 96.87449142592706 96.99060977954866 97.89658489687312 98.33274657070326 98.75217567621063 99.13461605608367 100.19222036383357 101.84239065827823 102.03517873354568 102.32104001354683 102.59868730218885 103.42641498935926 106.42376564000021
83.43691543361885 82.06055458811264 83.25382821978368 83.99623676602499 86.77069695484718 87.49544526059701 88.52485918350926 90.25941091260064 92.75516402049335 92.84722659030325 93.5185256343076 93.15248597551935 93.23864292680743 93.14649493959601 93.05378625350006 93.10835569877803 93.06561635095704 93.3157622511646 93.4351674164891 93.16795115509248 93.44915505556476 93.47612913106494 93.36984786874072 93.24382112024354 93.56154533193592 94.1197714937505 94.94361225381822 96.36547709725565 97.3881961542427 98.1013536765372 98.3664300923026 98.20149903680917 98.4869333342202 99.1162183926846 99.70157501629521 100.75153421604014 101.1222331419879 102.08467692335799 102.95982041739938 103.15678935995504 103.48559989386938 103.84856798877964 105.49666594590259 106.80525758022934
84.40693758358675 87.3734407066062 88.56568703095039 88.80374840883688 89.46642367157546 90.83766482069665 93.03914265946146 94.63905399445987 94.49502673358154 94.35233166268215 94.36959455399244 94.63141498529895 93.9298132407603 93.77084558500484 93.569144862793 93.33773122427266 93.31274573497579 93.38265885564844 93.77598476312797 94.24859456752158 94.38645303728592 94.7201810771868 94.86964613242846 94.88705353697614 95.00650933021359 95.55858236760702 96.382449748479 97.34480359189118 98.27981029635293 98.91386912227436 98.95674646035933 99.03525932774274 99.5940909317074 100.17936556079397 101.72944660372957 102.4015015038911 102.74574209920598 102.96628085047959 103.66510610728865 103.98743694932293 105.38216200131566 105.82400335269267 106.9277484225658 107.19384129288507
88.04447220134769 88.42782566654571 89.45548284480371 91.97058727000334 95.40815631683316 96.39308623408314 96.17045015949898 94.88595939288236 94.73091142827528 95.08551459849735 95.28876342154517 94.81364526934517 94.63080962601437 94.40486096822359 94.04731472745726 93.42945868945623 93.030730536488 93.07303432476371 94.00451894447234 94.99037512515628 95.67890294910481 95.98811337096913 96.27989995946157 96.67635803997715 96.79150913933009 96.84456253956805 97.44653206974235 98.1064600185583 98.81975324793089 99.02655750169745 99.07591879992448 99.78908304098317 100.92482299546396 101.92213818258531 102.68999960063661 103.30806207664985 103.54997409541097 104.00459713231083 104.20576782585299 105.14606593576394 105.78285651752921 107.10326656132409 107.7420470774818 108.09918761519445
94.87917121321345 95.10386997111183 94.81111149424463 94.88188002836658 96.8503209546161 97.19921745258719 96.89151844877227 96.54239407940999 95.42137085681027 95.56718923714183 95.57424896680422 95.24945222467346 94.72003822721226 94.77934378509298 94.47914080648928 93.9888339685511 93.15382853634827 93.22869705666244 94.62182734645154 95.90436393467438 96.3517481101793 96.79794275896596 97.33197384338887 97.66761211835367 98.17785927978922 98.65170878058355 98.96343543097368 99.11611586506736 99.35002254811019 99.42748844039828 99.7825327945931 100.64871782180829 101.881616839852 102.85908437430747 103.54434953059516 103.99766009738902 104.41147271539869 104.59613010700501 104.95681934266297 106.02738913703686 106.83608268681617 107.57802073466621 108.07303367737646 108.44094592581374
94.88834627854342 96.56821022904907 96.1562953944499 97.06668591746747 97.03596106019002 97.39237463641095 97.06718951639296 96.68465971029241 96.67907345274344 96.0226550830653 95.54333812616174 95.08707042678856 94.84013147534952 94.79360203385737 94.97846692804194 94.70480562701417 94.32822247848573 94.60853779960948 95.69938750433657 96.36875761220195 96.46780467433551 96.9535914371946 97.71277150077242 98.47870354733823 98.85626811284888 99.35302272119011 99.73999092937507 99.93767116414855 100.2647782911151 100.71085456958541 101.12004716379647 102.08813151519396 103.38257311732485 104.0744296034533 104.34596874149199 104.37074934597621 104.41683666941621 104.73962814352556 105.62900713123801 106.61572367905569 107.18246609101 107.96166504670826 108.48693138679226 108.84300767579737
96.35529462378231 96.66568670380106 96.33976698363617 97.2679751566602 97.26793496674047 97.10560590686127 97.31697459138343 97.35063667894941 97.20069654750196 96.56074843309841 96.06940854757634 95.0576287339096 94.47539746216285 94.46534831935622 95.06721852049165 95.52293777698236 95.58949333337956 95.91950911559678 96.3909031151903 96.50619520691565 96.56827147010411 97.29681587642533 98.2775598314233 99.16384636314967 99.87923041357661 100.44089995969993 100.86354718714958 101.37086823182327 101.70520467333913 102.18290063831759 102.66086688792026 103.39986561056347 104.33734843768379 104.84098827970041 104.80328933091525 104.52685082034365 104.50105785657009 105.02804468438542 105.88567153201426 107.0013594322913 107.94427756817991 108.6388896419426 109.12170479007447 109.28667786277204
96.40073289685914 96.7859108661572 97.36397859228009 97.50741875953898 97.55042392916756 97.40315311277422 97.23832207996023 97.67265039887089 97.50708581413636 97.20540416517322 96.3153372217296 95.32291002551146 94.52011125713086 94.53513900897687 95.35833022127666 96.18197350003625 96.71783496515275 97.05466079458284 97.18944167346412 97.28044815816101 97.4893732850198 98.30611429980836 99.25399644263297 100.0839560741795 100.7588414849044 101.31748805401338 102.1762979517061 102.65617638270058 103.3070359749248 103.49597877594974 103.94454735009475 104.39508206419985 105.11280347793746 105.5257660028293 105.53547651336855 105.17158503227407 105.08210274993431 105.53577013681998 106.41189855829435 107.58698063368436 108.73897302818938 109.40307629419 109.71495900076432 110.06269615984505
96.45928087865965 97.71809381791405 98.08696681927054 97.78513973363687 97.88341175636364 97.76763831093001 97.6456301505037 98.62755745641009 98.79885129461583 98.1169347743076 97.27091258199954 96.35309182332097 95.68518541587711 95.84935925092692 96.70596694594171 97.29183056763266 97.79082206540957 98.21977522744152 98.51157857890628 98.79320806719404 99.20389548291705 99.89820274641092 100.59414985651028 101.52760652863594 102.09958277036084 102.64737561931497 103.40364593875626 103.90943126586396 104.27912170440062 104.35533576429894 104.59058303441506 105.03115493883548 105.45766968711644 105.61697122188039 105.6173644812427 105.57406349920237 105.68853016588082 106.36442087262367 107.2803002152292 108.43172500084275 109.33924150729197 109.8634753514954 110.0731039941448 110.29150669042362
96.53578207620048 97.84282005079947 98.28709624581711 98.09803659444549 98.97922142424869 98.83713980718761 99.03514458680894 99.44274728689143 99.43545544080014 98.93527582227607 98.34497751006863 97.76120761926353 97.40620363811321 97.68329988074318 98.27994024680933 99.01327779497237 99.6372075793626 99.92584310818937 100.25520113088832 100.81622758889479 101.31831959131942 101.85956167757935 102.28848252583028 102.62997018202597 103.02637179337768 103.79031718018622 104.43472217231229 105.01738593057023 105.31174685774357 105.19501969985618 105.14659787392358 105.62747103022889 105.59535804550845 105.63870673870207 105.67445687789511 105.867176524713 106.38026042228454 107.02343313967181 107.90914137706332 108.9531295281869 109.75109272386199 110.16139694528867 110.20992234547322 110.41348826012188
96.63708558725955 97.99336241458788 98.51370659012902 99.18597893878179 99.36846007059448 99.44561341278418 99.51797177652057 99.9990268308285 100.09464651754305 99.79647037264147 99.47497589514454 99.20927414962613 99.12305939766595 99.47094953737864 99.89538869074659 100.40664819618269 100.91691528030715 101.399013927761 101.96867247611365 102.55030260479296 102.94575433072932 103.32271302841937 103.5144272585638 103.57966098852309 103.97950262084711 104.57626890580289 105.45306812006719 106.21741800298327 106.55302084362123 106.24351595011038 105.95349199100556 105.97974215316299 105.90523166545947 105.86359324802196 106.28288037142883 106.51658715983697 106.96875208138971 107.62431151873176 108.39803092620431 109.25032907764272 109.95714191564538 110.20549889817963 110.24815085761695 110.58657599269333
97.41883853675947 99.02595145333457 99.56463374857358 99.94074377793356 99.75740325839196 99.88918571397572 100.31231981904557 100.45906145353814 100.66291481697372 100.54158222589967 100.44148985135723 100.42017137907634 100.54136335672376 100.95043496830633 101.30319740665242 101.6529507245569 102.01480140786238 102.4713869062787 103.00630912964314 103.67727738874682 104.18847071445299 104.43791907193474 104.50951914361337 104.42052714494372 104.69436976465556 105.31646128648408 106.32670134144011 107.19739984823292 107.22128338930736 106.72427302665069 106.53832253937206 106.32746534904751 106.25905387716638 106.54533635471086 106.86306881600213 107.12721439099435 107.5925253834112 108.4931626697503 109.07612984896728 109.65132763965048 110.11497364686235 110.27877631999107 110.47707848025202 110.7208708032176
98.4406382707199 99.23126059763996 99.81468121824619 100.21774245930123 100.47321215607126 100.28268539959284 100.6494618877682 100.797647076908 101.04384741689968 101.06535049118388 101.14135060955032 101.30759991934656 101.5989501763691 102.080123556564 102.42668811999586 102.65203346726062 102.85265770596519 103.19808032744011 103.66529671812782 104.24345455686 104.6410708779532 104.86397587718076 104.98775191827772 104.8371152083874 104.92878221763488 105.4808264583163 106.41784850930303 107.22110419268667 107.24705186321592 106.95150808042061 106.74747673842596 106.63020215560033 106.9257668697562 107.07127012748624 107.51176668457386 107.79892306756243 108.61641771043031 109.1457069433595 109.56250883988784 110.1302856247228 110.36247573865988 110.50997494299955 110.8163589230428 111.02149271580859
98.63172473797499 99.46705556419133 100.07483021551178 100.48425804600743 100.72818837416246 100.59566009017769 100.95156803638861 100.9471878378104 101.16394262376905 101.31718612483121 101.56097517967738 101.88951707921701 102.32090293468013 102.87002880345368 103.23021264509747 103.34816685709298 103.4125336451913 103.68028259662148 104.10924441472493 104.47212762661073 104.70121123465005 104.8957889478447 105.05479472377137 104.9498389724352 105.0409039638391 105.44876917935927 106.09877036013434 106.75777418967986 106.8534508580866 106.85550142812599 106.88058838731408 106.92132506388995 107.39727023004524 107.97266584075884 108.60150073796912 108.94312194766319 109.42495443454126 109.88784370779567 110.17039895155858 110.60467250664934 110.80845580192786 111.19704054046392 111.30723207152622 111.51855953348417
