idw.asc
NCOLS 250
NROWS 250
XLLCORNER 2.0
YLLCORNER 3.0
CELLSIZE 1.0
NODATA_VALUE -9999
[rows 133 to 151 of 250, columns 44 to 87 of 250]
122.64056431182998 123.04589675118832 123.52220589755535 124.13153686642057 124.74319752817175 125.51076051828878 125.8777248327097 126.30973912547202 127.18895636120678 127.75241026361935 128.3064350019826 129.13566625034875 129.73978214924765 130.53201637881506 130.9634425434806 131.59362932387626 132.15800229639362 132.93069199276167 133.4100784364835 133.78371848075227 134.1479880954199 134.7144834313198 135.23958687279554 135.34958427126995 135.65805696373744 136.21786346938967 136.7726600951598 137.23799738705276 137.2957132155066 137.21794018644164 137.27529985190026 137.5874919348814 137.8728379578816 138.20387925530642 138.55760245419242 139.04141798091814 139.36637166362226 139.9328297080707 140.52776345250177 141.00672585217882 141.30496443785904 141.66226925651802 142.5601144309602 143.2683795425652
122.33854501347616 122.90533295874835 123.30898121664923 123.76606344136587 124.27350895201256 125.1422104127035 125.67388674942671 126.24570876492879 127.08134193473737 127.69825562655029 128.32576948787047 129.09655956843886 129.9682738251061 130.54632679869968 130.89937309753083 131.4836719389402 132.1070117768814 132.95488473516644 133.47238700816462 133.68399140680904 133.80154226905182 134.419924460044 134.97663225849902 135.24664109609125 135.70958991617385 136.26836089263716 136.69825706882662 137.17999125587951 137.25642599138973 137.17625802276024 137.3378517641989 137.5664775864777 137.87265819371729 138.2324900211928 138.62295741916535 139.24516404291484 139.6136479141488 139.91993051783493 140.8206292756042 141.03655891003342 141.4951379085942 141.83949503724756 142.45293271692285 143.24422898667447
122.37262416299195 123.1114182694463 123.2645454665108 123.63446506050018 124.14191854050914 124.71892748843902 125.45800762207585 126.05791102076769 126.96141564091204 127.65202449314701 128.36697738902447 129.23967616339814 130.1039307276525 130.55568652997533 130.76332826738314 131.25439486923747 131.9428262858229 132.87512486024235 133.44724933725863 133.69290651781256 133.80043740880902 134.30723945497044 134.74193487297612 135.08390404544025 135.61123576614696 136.27796529484667 136.59776253459452 136.71180712047052 136.93504313291643 137.06186046657749 137.2943213849552 137.55477316971815 137.88945195123455 138.29138256963844 138.83209396927978 139.40987527817074 139.82234641486463 140.15093257290056 140.9242695133264 141.27011937954143 141.5601071843254 141.87049476070317 142.258189450692 143.08046929729147
122.6713773223108 123.16973005513078 123.2842377906587 123.74159783823411 124.3131566055109 124.64809887149224 125.11498441528808 125.7170137439054 126.84040283244828 127.59675344598354 128.3759656936942 129.28096429034983 130.22319606638763 130.58671158471793 130.6414635618895 131.01814985940644 131.80165128766504 132.71013173845856 133.3227145249769 133.72382960674545 134.05669348548017 134.45625437666547 134.62114942167236 134.72938111908158 135.45429799133413 136.24683797925525 136.58901956163814 136.753459746275 136.89337842501624 137.06127224035373 137.29750726738158 137.58663087679895 137.94057750994054 138.46324967087497 138.98888933186464 139.63175648908015 140.1021237665181 140.4543177184505 141.10955228385765 141.34586595571528 141.66190656160092 141.84543053176873 142.19697470020338 143.1475421892539
122.6039220139569 123.0379500356207 123.43204377952432 124.07380804521586 124.65228699235341 124.75188011084892 125.0143685923606 125.50101380244244 126.41657249602235 127.39885993605401 128.25535682044176 129.09966516597714 130.05258318602722 130.55523903098552 130.61042470129172 130.94811712290323 131.67177680420104 132.54794427681546 133.17464302932885 133.7997427291644 134.27313368926625 134.54498235178917 134.61966583269555 134.70794560009406 135.3417081289344 136.11016317583844 136.54706053810946 136.83538655399116 136.90712421010488 137.07037792291197 137.36243812194783 137.63423501284794 137.97920380606584 138.5430309059072 139.1263144485126 139.8561019409371 140.39727620791172 140.8308729685568 141.2313092050495 141.4418605172293 141.60297527725476 141.74806673928921 142.30649185000848 142.99773117013743
122.20225242438259 122.85343975029122 123.51040322573255 124.20811391325164 124.68379720718042 124.75768005831314 125.0214010666502 125.53553789826798 126.40720367158806 127.25721415746669 128.00298342909377 128.68497949688557 129.63227496952823 130.18839464277366 130.5147895888513 130.88258778720123 131.5097742734747 132.30953277127983 133.35036239227435 133.7828831577095 134.30396538168333 134.61069574953953 134.75379569022186 134.9781657423415 135.45901637938164 135.98742176628116 136.48266797112726 136.75239136408132 136.92149443112748 137.1602102552077 137.38535096990267 137.5798088921115 137.921668396161 138.55429780760886 139.28080089574482 140.10797733834033 140.71663244089797 141.1539859859714 141.42165160763201 141.54241516559958 141.5969917465936 141.69669921851175 142.2287851485641 142.63024697135808
121.7573092831167 122.45151598429194 123.32990173065411 124.12838527133496 124.49795427432255 124.67143854289549 125.17572505783038 125.74319963737466 126.53047568785593 127.25114395746647 127.70484374091153 128.20393381787483 128.97572869016173 129.62405326499706 130.34535875017218 130.76928047380213 131.484098897899 132.47447000272797 133.03774280668787 133.80809476444873 134.34474276644602 134.61429464917018 134.83103621021925 135.14678826890943 135.5612540882099 135.98620852584386 136.4788322298369 136.72866829552584 137.00597692229798 137.31587321421844 137.48409878020556 137.5316478691526 137.82864084194887 138.43185752895667 139.4069222351653 140.22620040812865 140.90315122647198 141.26932056682796 141.50285250142153 141.66650551188224 141.62009232564304 141.6816012702496 142.05728413256708 142.5083053326987
121.26354859979195 122.11821211084147 122.84244821539474 123.82528111804815 124.31800260956216 124.61043890081083 125.43313178914096 125.96650564333102 126.70923841645151 127.20525668573853 127.54917360069527 127.73181184739454 128.19750938426102 128.9980156653338 129.90691033758804 130.65212706052108 131.565391745765 132.30635261213237 132.945688397441 133.44524367439897 134.0488850346556 134.57771771776538 134.86767141946666 135.23646192299333 135.6392531079365 135.95840429672052 136.47183889958742 136.80601165183268 137.04579616811188 137.3578993703763 137.49208429580528 137.54098413837025 137.82693148385314 138.42380126658563 139.28676375107327 140.14371548298897 140.95748332676794 141.28967918074608 141.50541296475447 141.65886034424008 141.61271376297523 141.7760473448937 142.0782407202211 142.38993718534505
120.76700543239835 121.64138778708171 122.24529129969964 122.98435713106853 123.70937372244452 124.30371631280926 125.48278239917124 126.10790787035234 126.70724355085547 127.28472306363108 127.4805780283412 127.53024844909613 127.81983878110584 128.45413545112405 129.37347382588365 130.23746849466318 131.55366754864806 132.18458832527358 132.75795328913796 133.26327595209852 133.91380679225765 134.2573303867318 134.81032735518798 135.2142409050019 135.62424179417332 135.90883748607345 136.46267138488005 136.78576770614177 137.13224651938842 137.34738621412822 137.4967759460261 137.66886480649728 137.97181293403256 138.51778595416303 139.29295536652495 140.07667649849867 140.7576431240909 141.23167638242958 141.43548151749988 141.54399504037832 141.64113524943264 141.82913661756788 141.9914655239508 142.2835539778737
120.57755627401323 121.12052775535243 121.66591295843101 122.19206355799956 123.37535975947017 123.84995300903381 125.03782442310958 126.09471248614369 126.68361064791404 127.25704649299365 127.46716827628488 127.5074352908911 127.70012373584714 128.3224255632727 129.16452078312685 129.90716875834607 131.204391635085 131.82786114241674 132.54949797946853 133.3126490375321 133.71715878813194 134.06585232492634 134.3732017662805 135.13276563456108 135.5560382673249 135.7928577253392 136.39525408413112 136.74820025583307 137.10291022910792 137.31445960042174 137.57917752826688 137.78871719796726 138.11078769263904 138.66370009189305 139.28895868032382 140.04367164772742 140.51869265120106 140.99550451205803 141.31206151822292 141.57168165990834 141.75869765417988 141.82557499286196 141.96468827112918 142.17523135145117
120.26516979322368 120.75134351176996 121.25832854149229 121.77169751124774 122.50990543471804 123.52228806215939 124.61511526908103 125.5171799441537 126.31550746299578 127.02012413555656 127.26982296924231 127.34450045361692 127.66792433203537 127.96063122965063 128.8868730429038 129.61997022716312 130.67876973727675 131.61855826258721 132.16649979420865 133.0943320464293 133.49285512987413 133.83789051962356 134.14106395051212 134.99851580087707 135.40998710494077 135.64570883578978 136.295776722791 136.66072449938693 137.02753771095007 137.2499285380577 137.58066542280648 137.83512209965673 138.2477948129216 138.69923555632647 139.26138560383154 139.84684767988705 140.38113288863622 140.82671794646922 141.24172306468648 141.57257339162993 141.78739006066544 141.87562870062902 141.9656947331894 142.1752956819718
119.58974902079238 120.34672115053215 120.83233722683838 121.34006276097611 122.10234375946274 123.04518393019534 123.54870772969382 125.12574997298596 125.84769856727476 126.281095853312 126.9366723378709 127.1985222642173 127.41499551864253 127.88427337632606 128.35072686165466 129.36868032138983 129.8678558012368 130.96026230777034 131.47865296724925 132.22562936954608 133.0997049807188 133.18245063274566 133.59969432772343 133.88044698709393 134.7094694758034 135.21086003484967 135.84203765287234 136.38443090211192 136.6402952507812 137.12960431999517 137.52825494579125 137.81109534724726 138.2339221169061 138.67296235880772 139.08348600160065 139.63766449334227 140.24310767486952 140.61871772341806 140.9859735602002 141.56515451686565 141.76037969795064 141.9311829400844 141.98748684529113 142.27980151765505
118.9213137429448 119.54141183194348 120.37503554869662 120.88497609231659 121.65832445933344 122.53936366775521 123.0752550010505 123.6271478815053 125.14231538785808 125.72700181429707 125.9737824773817 126.98361825839969 127.21017812958235 127.36530478019097 127.74534755030757 128.7337124421386 129.53136717599 130.35721356821622 131.2172753098046 131.6466659643356 132.03226669455793 132.84163326897115 133.10346039857984 133.39083896900723 134.0010535890818 134.81192303929103 135.6293591336698 136.048593571632 136.3445821259537 136.6240757750479 137.0872678977922 137.55053790526478 138.16404181742996 138.49818291366657 138.85435104874247 139.46918975779198 139.95686400960028 140.32559604639425 140.74360618722207 141.1513527821794 141.62344381924447 141.8681102602017 142.05775954021846 142.4656059281603
118.41675574941421 118.82549380306416 119.69166488474833 120.26249115864904 121.18854660502518 121.92188481093507 122.46655097831093 122.98891501306666 123.81892761160572 124.84699176647626 125.421792811349 126.45084356413139 126.7439881138798 127.06660293740825 127.31250304826504 127.61285982593643 129.1410782628691 130.0764313097272 130.5365019829178 130.96173582751726 131.6279977657144 131.95542286914133 132.33763431606715 132.98454596303978 133.58292721446395 134.38737561998056 134.9073353773434 135.41693329336573 135.7085594901708 136.02819022006267 136.66074420875242 137.0457229753784 137.39000013103484 138.24693132749837 138.55657635255758 139.1220918915052 139.5611697108329 139.89840398866644 140.31477393180288 140.75983076446587 141.2592063236778 141.71236119780156 142.03855121659032 142.51845625391684
117.87868470820129 118.30166131964049 118.86843949163747 119.9060690536073 120.86419270674617 121.44082157028757 121.99365267588564 122.49748177387188 122.9537741639657 124.35365109138873 124.65158225842859 124.71779337551922 126.22372231427158 126.46779197167302 126.77499471307587 127.11900901487456 127.48313908519151 128.965722104927 129.85969184990915 130.55991804759924 130.9475560480736 131.67971775019586 131.7949271662385 131.99058729545357 132.67339000744334 133.64396558599657 134.1329824687307 134.81519585055847 135.2242667124368 135.6289023845069 136.2436832148042 136.68352751568227 137.04099821059708 137.3788883462841 137.77186416318142 138.45452875695486 139.0816816470138 139.4161165300127 139.8450874978836 140.2683978413616 140.72877579190686 141.31853073482313 141.7376975496909 142.23414871907283
117.05574239829235 117.88661573041593 118.38844346569206 119.10895833290093 120.36805579750941 120.99813578782633 121.59571435962161 122.1292773497927 122.43209053864567 123.14397146294685 123.89378159408257 124.170064229226 124.27952389294809 125.47139348777235 125.8556481944202 126.2221549688696 127.16840800757487 127.62059837999726 128.58381681387803 129.92821972227267 130.3578286916686 130.79231984851086 131.07358518108137 131.48927618827258 131.85317571582308 132.37504657777924 133.12163667908217 133.88050952233203 134.56917572137954 135.08176469708332 135.85875208520648 136.29214194996507 136.64778254213505 137.02588347190604 137.32177836783794 137.78346553158948 138.37403475480437 138.73854026092744 139.15556702129106 139.5337875705976 139.97447830065255 140.5613267718829 141.32248787843164 141.85772356244033
116.30813658105265 116.87540239737622 117.66613262013907 118.80620385410701 119.38444714197024 120.03855056390061 121.12754172271177 121.75134175652241 122.28322506751692 122.74551730681915 123.33395770856372 123.74024966246746 123.83949862249555 124.3572811841118 124.61523699903731 125.39645375616573 126.22167328488594 126.6964400983943 127.1884044367774 128.7465001278458 129.93647611864336 130.51696225580088 130.83142461723605 131.25310038886101 131.42850279787325 131.71977467701615 132.2706727048886 132.98924197427854 133.78910389029198 134.55259508666518 135.3627959548242 135.90030067466466 136.308470162868 136.62724537180299 136.91055686799135 137.31773378772718 137.6518428910795 137.96528128965895 138.29180066310911 138.79691876540704 139.2767849536562 139.9686652240934 140.63381061903618 141.31504173846747
115.68229730232292 116.07186729100707 116.79264635208168 117.72041662698597 118.76429135862594 119.52694887801758 120.21541390563124 121.34729572425066 122.14215526305026 122.7288921681701 123.24051466441647 123.52272489269562 123.57804920289757 123.96993344917453 124.23776886899452 124.5582652478034 125.42423817321102 125.9263042681095 126.57745688135988 127.15913661124476 129.07360580534285 129.87818936281695 130.33631016323113 131.10473756736928 131.2494047248453 131.36815322251698 131.59350753404595 132.01637076159608 133.15748634376135 134.05829667613256 134.75418809462323 135.518898396591 135.92838034960008 136.22798871318713 136.48421284993785 136.76486686155633 137.1842798183103 137.4019868908975 137.60819264743887 137.97547837384732 138.54978421231914 139.2201780425411 139.92210681817835 140.5680217075204
115.13218235797197 115.46249789043215 115.98942083556246 116.88975535955181 117.62640412331726 118.76466944550391 120.03060932681223 121.04095544099656 122.00947563356048 122.84902911761652 123.38905333123193 123.45557912222877 123.39372545034085 123.36171960887668 123.94752929090417 124.24662146519756 124.63468496059635 125.28351319771566 125.59185390416371 126.75140705852466 127.85049599592855 128.9606931016017 130.0018823849557 130.74143761554478 131.1294814284287 131.2647509063626 131.2962413031927 131.51099955287881 132.11850466462064 133.59819548109945 134.37121623564562 135.20058223326419 135.56267816219193 135.7601534440889 135.96718888738698 136.3129693615644 136.85645222394518 137.13193600548428 137.22388716355135 137.57010426891802 137.9697166735497 138.66161243378372 139.1749207298133 139.96455680652437
