idw.asc
NCOLS 250
NROWS 250
XLLCORNER 2.0
YLLCORNER 3.0
CELLSIZE 1.0
NODATA_VALUE -9999
[rows 190 to 208 of 250, columns 0 to 43 of 250]
115.36587973758809 115.67179959431958 116.04266912421774 116.48357363227693 117.23873524712216 117.8685288091898 118.53715406576718 119.15366648950426 119.64161245349713 120.00157062020861 120.32197773035365 120.71069646169681 121.31398236690112 121.77964618141172 122.44504542967871 122.81609407953232 123.00321489346905 123.36032152784512 123.81972719474456 124.16646687230872 124.7285477204691 125.78475071710304 126.5957542522129 127.22180739642384 127.93821891748146 128.32531340393345 128.71933474701282 129.10780282933277 129.46286417233728 129.68118591696037 129.71371254309918 129.63945197311745 129.5712854448115 129.54553743871372 129.65720531933488 129.67792848659172 129.69919227117796 129.72618494542272 129.71483661515867 129.78434733252772 129.75726402961183 129.7523847415043 129.79997716947267 129.78378720504708
114.89570976383438 115.2819387858512 115.715230047235 116.19883563946809 116.81164911317907 117.77841303088897 118.6684394039292 119.47170775782338 120.01500541507014 120.27455589641528 120.39735591934499 120.56537829861587 120.85197995386785 121.49027989222054 122.2791814007409 122.66703361543847 122.79896470732312 123.15922682355662 123.9993866525505 124.36462535029028 125.0927979407158 125.98217705415152 126.68012234294201 127.16228585662498 128.0042390914449 128.38558273315712 128.7646940198887 129.1383115558266 129.47270059895254 129.69751517418592 129.7140183777792 129.64053534102422 129.57051317508405 129.63013095034134 129.6530586742235 129.67608211749055 129.69661501347431 129.68473694724784 129.70146829616908 129.7619446423961 129.74652661648824 129.73725449407053 129.75297206738412 129.7792318580324
114.14861685698774 114.90890476204952 115.4421511556366 115.91263029260173 116.53763177043525 117.6316233418971 118.83019915765135 119.91852610273806 120.55773409953144 120.69931579738994 120.59553695057751 120.6502817709726 120.99690865076965 121.23538417236338 121.4595840293915 122.53512206094317 122.7202599310607 122.90576368365477 123.78032764495606 124.66728309382648 125.35968326323048 126.07716179132989 126.80238071107881 127.23696926416496 127.95601182755075 128.3950025467736 128.73248234132276 129.0544984465438 129.33105190617258 129.61762424107368 129.62806139323476 129.64230054191611 129.62093060133319 129.62986275646898 129.66984778500787 129.70344792435253 129.72381130255638 129.70517200474893 129.74307793223866 129.66598219015788 129.68415836084608 129.7014375029861 129.75703436846356 129.75926076944418
113.42831814263991 114.61554737583151 115.37856268423947 115.73354720341091 116.29236334880939 117.35761042131821 118.93515230924024 120.29877237998593 121.02810855325018 121.07086884474434 120.8601437462706 120.78958408092515 120.82754532526471 120.97678677127462 121.15509489199239 122.35143187836277 122.71368144780483 123.13553605747803 123.85997952668748 124.1339216984349 125.25137963499921 125.99918913988466 126.3942557494377 127.26974332144134 127.97537589468398 128.36753500410998 128.65173655230302 128.91159464952273 129.25068719438522 129.4822160857251 129.5700671983116 129.56352919278285 129.59208748124266 129.63739877359646 129.71074696188828 129.76573442256054 129.8129689085094 129.7799419834601 129.69581961620617 129.67281833877442 129.6858137817649 129.71574607933746 129.74948028101812 129.79888868600895
112.4368580111571 114.32616735462672 115.61697326962857 115.75565088508664 116.0470597876971 117.08392451153745 118.69340515907405 120.28524744837004 121.04838079420013 121.08767936163903 120.8767427021408 120.71938781892497 120.8150387489344 120.9421039672553 121.10548816989316 122.28163172372835 122.70457703088961 122.95210847668886 123.76684904315987 124.4745631621483 125.00285604534972 125.83653669300483 126.39530450208919 126.768841199368 127.64948722132178 128.05788742636634 128.55487507091647 129.0713102849068 129.18277403516106 129.43682806743087 129.45789089805595 129.48230619713377 129.5369189792001 129.65258081789472 129.77714435413301 129.88120165397376 129.89260755114555 129.83401792207542 129.73445203752993 129.69124035110886 129.69339997634557 129.73382907617315 129.8046417797283 129.8651429441021
111.2114899350456 113.49371219979469 115.52650258676582 115.71711085954803 115.93168590689832 116.90971275552607 118.48206313859095 119.8177513016614 120.55395867579264 120.7444217603951 120.66082864740054 120.67307270465359 120.72347229434854 120.91292359997983 121.08771455999963 121.87477039696779 122.68991804564138 122.94635880364154 124.1520628572998 124.45040449958223 125.023017537889 125.73708132750915 126.1336367247121 126.70673802123449 127.46583586830562 127.9975013549205 128.53392620039037 128.9342542102331 129.2439655073121 129.29697542546393 129.32787181169206 129.38038342697263 129.51134588344766 129.66304365708635 129.84397734743823 129.96696835442043 129.97069354856134 129.88549478806354 129.74782903004672 129.68558736470837 129.68377495735615 129.75443396763913 129.86452458347264 129.95355333906556
111.13328742641092 112.8527794520472 114.70966977819056 115.4389693532296 115.90006257250852 116.89184282622733 118.09096952536203 119.20148675356485 119.91437414920509 120.30529382855553 120.48187665464151 120.56886940496703 120.69506391752068 120.86280473387585 121.04913554412977 121.87658241286636 122.57759263836206 122.81380183878015 124.2108368604406 124.74877087382887 125.06158580761141 125.75045747705305 126.11854655048924 126.49368885732349 127.46827588858159 127.7487285090829 128.0621066858313 128.753274484194 128.81999398688274 129.17073530487605 129.1996856140489 129.26512108826128 129.38953268651963 129.5827398292515 129.8141688814766 129.9616048698851 129.96683111037672 129.84036602527505 129.71047227250978 129.6404019849092 129.64991404883153 129.73188737116058 129.7681748650741 129.93958343138814
111.94647132859524 113.01208747502676 114.25942601704375 115.22315729268351 116.06006462224178 116.90018942227154 117.859151251286 118.74327505662541 119.53928746314615 119.93506648205383 120.17440180544429 120.35586586036716 120.53636311608126 120.87138959399556 121.07937731582288 121.93709140251174 122.61594816416707 122.83964977236703 124.25253006287413 124.78632895443798 125.07794993873178 125.91494888163608 126.27323731702914 126.6319512835529 127.34127730000581 127.60787413996134 127.84193630240368 128.27529347876003 128.59683805805176 128.70828426642385 128.95370803795288 129.02160565928037 129.15925260626398 129.37396028390984 129.61927689844234 129.79271159263877 129.82494008280923 129.71205115105462 129.6148275526887 129.46307367925294 129.47190180022946 129.55754770309085 129.61035156925934 129.7304286805134
112.77902587448406 113.46712604250115 114.31053458573487 115.06524225315621 116.22373865298296 116.99949321375568 117.79320793768208 118.73422932274582 119.40311825824976 119.82259143182986 120.13729607417581 120.39852137611123 120.6395034312187 120.87136753039874 121.09118834492782 121.93951113986793 122.12273029236803 123.24364576148739 124.32776306479485 124.60061596140382 125.19163138664034 125.8493447211482 126.19262723456126 126.92662519250571 127.21576437338577 127.48216596921351 127.96135493257154 128.10880095633877 128.4167628179698 128.5125481103853 128.55273646023133 128.72085651974785 128.8319871616839 129.0478568803555 129.28268322059947 129.48324968310845 129.5705266666495 129.50825857880733 129.3562218426646 129.3198242590412 129.3335356337462 129.25085091026423 129.3450094800486 129.39690455141493
113.50385556039504 114.00068110336642 114.6260445330935 115.59631959282638 116.27520635502819 117.38776235272724 118.05431005511268 118.91199748186239 119.4251235665659 119.84423723228454 120.19303616094625 120.49912648795113 120.78105574923569 121.04465185305175 121.28651749564767 122.11175942746434 122.25862167171793 123.26062388109415 124.1428182581725 124.56431988410927 125.13581463095224 125.7574785679476 126.09348311604127 126.78850539159183 127.08941734161357 127.61530721738333 127.8177758055763 127.97650090325423 128.09382954585922 128.3473674569766 128.3633165422345 128.4618106795592 128.52298763798177 128.66800570819296 128.8791772536898 129.10919381895616 129.14999050827552 129.14501410831866 129.13440765988943 129.13291225304178 129.0039985676125 129.0317288437986 129.0465085612345 129.0513518952743
114.16452488977933 114.56922919513082 115.4678266737201 116.06353833818335 116.92095445900875 117.52791328998242 118.41049153881545 119.14453796844622 119.60479166315586 120.00474330559942 120.36050156851044 120.6881026575459 120.99629690461187 121.28427461661272 122.142281683599 122.31927744446222 122.46400391228819 123.59972099013805 124.10992861125477 124.32945124950469 124.76687781442459 125.33767271526303 125.97278099175209 126.88586843333208 127.19202485970632 127.46593503029086 127.69445419458589 127.87194426617985 128.00088862082072 128.0910645514511 128.23646877323077 128.24875341413605 128.30560059529742 128.39594096032565 128.5636196823445 128.67202351057847 128.85135579408873 128.89003491830124 128.92750932533792 128.95061202654986 128.80179474607752 128.80064289640512 128.76015370766765 128.7252545748886
114.79575610372086 115.16440745158042 116.39160794168589 116.92423764159959 117.60556959701637 118.41549278881833 118.90503496066688 119.34557627677096 119.88928699052008 120.23896043818434 120.56869917294644 120.88987148433426 121.26005249057508 121.57107249063225 122.36929215209433 122.55088752634147 122.69252889013661 123.64641221013892 123.79609185073947 124.26624522711143 124.49582912763344 124.7662485401288 126.30963515755622 126.66401743041517 127.00908401605747 127.32090432144498 127.58152450003794 127.78245061935542 127.9262785461165 128.02825383011594 128.16673313975653 128.21793343769411 128.22242218802668 128.2101921326094 128.2307148434729 128.32226480009732 128.4155287986416 128.49052269508604 128.53456470072373 128.55332927031836 128.39475579870503 128.52135632961784 128.48430685257384 128.421478095536
115.41120885481484 116.54543879419782 117.32965983648566 117.76768878793416 118.21880480501099 118.925758212694 119.32641776896484 119.68262175748185 120.00233634298856 120.38801666268472 120.70735011558453 121.13318952332372 121.47143831042544 121.80273398577488 122.50378396849612 122.79532789066644 123.2142268905582 123.68598497402122 123.82018841154607 124.00897146629441 124.46929966845198 124.92981161867496 125.7787259425836 126.43246587230968 126.81868119274014 127.17198596400567 127.4681546433493 127.694205987276 127.84992495172408 127.94897785076176 128.03855020549457 128.14663617170154 128.14940167788512 128.09336959013694 128.0918160779336 128.15230569862692 128.21638261335883 128.28301292399914 128.30859053001112 128.1836016172704 128.08720949580228 128.04961887711696 128.0010961985176 127.93596029107414
116.88477900307193 117.5913464793669 117.95978224867154 118.36380333132864 118.77633071838713 119.41243524411549 119.75475264675359 120.04703965900686 120.30404514970039 120.55878048575958 120.84609901752727 121.1850089395176 121.68081598428637 122.45442711509567 122.73628501580558 123.16021357639048 123.37162709155393 123.73917312413337 123.86673648208753 124.00500573191336 124.16462893447509 124.51244350465493 125.29858698978416 125.93828463761635 126.61843365661503 127.01309721629389 127.34578607036923 127.59814119510463 127.76487837789128 127.78396442733433 127.8169159339728 127.7479444238163 127.75028971784526 127.88774010233901 127.96429083282534 128.01666585388315 128.05259283702765 128.03078281463834 128.02860967118906 127.84861812616117 127.83631698279243 127.77509715320357 127.70432904095993 127.62321500802665
117.45913717480623 118.1535508841144 118.50364150500039 118.8839514199329 119.49143636947888 119.83704112984209 120.1315011399058 120.36328641976841 120.55299824451264 120.75221085300971 121.01545325591702 121.37008155619925 122.14539401646839 122.66087120742554 122.9880109329568 123.3356820641573 123.43608423527174 123.6919232212781 123.8946835781123 124.01973995274871 124.23914549135507 124.42133108855694 124.679462424431 125.48292963504873 126.41150144912076 126.8426961377511 127.20977820965021 127.34786610210904 127.55700395436486 127.6824147609834 127.71710109703338 127.68220991378267 127.68347845500904 127.76621233282084 127.86667642168017 127.75805323126681 127.70729216183167 127.55384382924662 127.44461180144847 127.34634971320705 127.32487644250043 127.2465123289706 127.16722586802136 127.3044391473038
117.94313008792014 118.61126023473788 118.94309571387053 119.30265237162166 119.85676274791628 120.17348169054414 120.43128242601078 120.60858441009616 120.72861943173871 120.867792914138 121.10719797120076 121.48167823804721 122.24236429122989 122.7270974867277 123.24206231894485 123.49779328444556 123.56697130636574 123.74288781995341 123.89731852955212 124.11946912565209 124.21630493062307 124.35210654097591 124.57218019839704 124.9277744494588 125.55875655925195 126.23072272344646 126.65464337028402 126.98300537351776 127.25137214904606 127.44917434411587 127.57025276242047 127.70283511783956 127.65692050088444 127.64336569467079 127.4986694330703 127.36756394702621 127.21473768655031 127.05826452802768 126.91853594205386 126.68485327192461 126.55808704479493 126.71575281173077 126.83929344355464 126.53993826059067
118.09999391547146 118.96338974889377 119.2725410278534 119.60831214461822 120.11299938489884 120.40673181643722 120.63850786616776 120.7719164891126 120.82724238054915 120.91001385013352 121.12949117960983 121.75683557604162 122.26756411833418 122.93481172555113 123.36678482905928 123.59841008774983 123.63403007242712 123.78458902949855 124.0680678192836 124.16164159359636 124.19528908610256 124.2483194029434 124.38783838685514 124.7888719032802 125.14194859015636 125.68562569995059 126.28506326668452 126.63675257818755 126.93681782705316 127.17214032617778 127.33452896824903 127.287981538758 127.24094134846942 127.19925469517972 127.25440447512698 127.08847243049215 126.90702496374863 126.7284262562 126.5892449494215 126.36467096981707 126.23793829607743 126.12310430440458 126.3001687671113 125.8687299821048
118.4474628548929 119.09493964271176 119.49718430487643 119.80252140469842 120.26151370192204 120.53223536820883 120.74508029334947 120.8510731973107 120.8636173629448 120.91189608144174 121.28237906893405 121.82146891347861 122.32969167156224 122.8289520298297 123.31181673016205 123.58780400833399 123.62803698529433 123.86917355739384 124.24417295734511 124.26885336681741 124.19487741047938 124.22796350425868 124.32277836215845 124.67063532362918 124.97927074905002 125.24667555695369 126.04518211600497 126.36997093472405 126.65203887234127 126.70916373566143 126.71524635007964 126.83896405983192 126.81943283413065 126.71271438445638 126.72751768171285 126.72241202083117 126.52936405942589 126.34686652493906 126.1849720555418 126.03061665070575 125.91850899571435 125.81735582164701 125.23411948685406 125.16373771086529
118.70053652397932 119.28685859854416 119.55561159085885 119.84590035437232 120.2877618818788 120.55726992676897 120.75326791585121 120.85258471132494 120.88644582440034 121.00062031561542 121.33281181599139 121.70570023364942 122.13421035415008 122.63816970198344 123.09615822022194 123.39889370575419 123.53598575972156 123.85132396643463 124.23595350973629 124.25886201091288 124.08058425935133 123.99014550255768 123.94349761876117 124.1108543985071 124.56799108571333 124.81651937009067 125.29575856881364 125.58462440869482 125.93938934620002 126.12097200818842 126.24939163716438 126.35274756929545 126.31615802933402 126.20768360845084 126.11011824598438 125.90578833957983 125.9015098574342 125.9195512219523 125.7799541007526 125.40470679406445 125.39417996146983 125.06115965911367 125.01124163146592 124.98097681611426
