kriging_old.asc
NCOLS 250
NROWS 250
XLLCORNER 2.0
YLLCORNER 3.0
CELLSIZE 1.0
NODATA_VALUE -9999
[rows 76 to 94 of 250, columns 132 to 175 of 250]
136.42109526633521 136.32581713895132 136.2309820311053 136.7206700057827 136.6849265567251 136.6495061114537 142.64742682370309 141.85745550766686 131.7368546997297 132.014638978604 132.5534867815328 140.79496145326559 136.17692295081935 137.7619743422914 141.99627472625178 140.1117687953986 134.40231746103743 133.29929401384356 134.83421101256613 134.42648933401534 129.90366840710732 128.73586151193837 141.03023534034415 132.56174075170875 132.77166281471045 133.51102939496263 132.80709456913524 132.13905969164787 131.68290854552535 134.07669191988063 131.7962842112089 139.4655927538637 134.51232076125254 129.5540498497655 131.69508898677233 125.10726349952502 124.72145401448483 131.898754784247 130.2593227734668 130.57734025352875 125.91591626306618 125.18503859969451 134.47587325128023 114.2258401753671
136.59567186221818 136.5005933589635 136.40591776880666 136.88244438935521 139.81648790007083 140.9110985460102 137.90324269319737 142.71367567163568 132.63496137104585 133.17474470309728 141.2026700024872 136.81904984917148 137.9704510035222 138.1262260883211 138.28173308301555 142.71390923286006 135.85979987768275 134.28718877009237 135.30383400264756 132.32346498799086 131.1523881616693 129.9828390056366 133.29555122649376 128.64031715443892 131.49881598639166 133.79806228229188 133.34308187337936 132.8869449491886 132.42996299503264 135.02691095986435 135.20226033521647 131.90041044345577 138.42006095759655 118.29710906279519 132.8854613456 128.0515860522976 124.62479038123934 131.22601181194744 129.1217823693227 120.93442884715284 123.4268610746297 124.70031921204114 124.57938073732794 123.02851237755385
136.76983846011527 136.67498132054942 136.5804869854082 140.35366746852145 141.44939941917858 137.928141278844 138.84275041097703 140.41843678092792 140.8675725371738 141.60820317306656 137.46118175968536 135.59881229601564 138.33487780984484 138.49064839434425 138.6460678432953 136.7852010687157 136.84746885855066 136.66596476389205 133.88622454209798 133.57564971655887 132.40337896372276 131.23235152460416 137.58729552998284 129.24423877469363 129.46824709625008 134.54657333260744 134.0912099443268 133.63451785062773 133.17680891692564 135.86662152124984 144.8641649172299 129.07455044561556 135.10846436055638 140.5268266656501 136.43799290753978 112.9765479741727 129.72429549501567 120.3857805241436 137.22848455820824 127.85002174639872 131.27942034102796 130.86232933661802 129.77701689220436 117.59546115769139
135.97428804618093 136.10094922502327 136.26609074905662 136.27437375092575 136.28333304801896 141.05332497131843 141.38386926955224 141.18550707028257 135.08041945157854 137.62650800840905 138.629446961087 133.13916596991078 134.90517161398498 140.47254778348267 140.57565277432195 139.66144584988217 135.6825228222875 134.27538774510273 135.5042072799468 134.8289843286006 133.65578509437393 132.48354436220075 129.67998903131115 131.14810845724128 130.21265128269056 128.67185956514862 134.83840933473547 138.65204172789188 137.70771200790514 141.39632261240797 150.22857352632263 146.75015276552696 138.25868702009942 143.4520803421523 118.09668000599632 121.08072389403306 120.15223315355647 123.3494086479462 127.25030366406341 135.5449023427251 133.46795211499926 132.34132354311618 131.25220454313347 119.52124955750082
135.43649963747396 136.95798532884305 136.53225201204052 136.54067424444997 136.5497117022685 141.84547969411005 142.17616464397463 136.46110547780833 136.0245889335808 139.36909261400052 134.9017328515676 150.1136170759898 139.9738291938766 141.67615626432362 142.68046993128556 142.8862320090941 139.81259357654886 136.483385592966 158.19785628119712 137.94961808519764 136.39769939003546 133.73556114714444 137.25009986459997 132.03563595379364 130.95682137711765 129.40532796708692 140.14876293489263 139.20793734611232 138.2641757204619 142.53792224087164 141.0462189818949 140.16066951008534 136.26516090976344 137.02048733389165 122.06610522199306 128.044282485824 120.48075770899854 119.5886260284451 128.65793132181278 137.33490973867578 135.2590104652457 133.1807468908733 127.17546871782001 121.44863559315982
137.21524579457667 140.1410674523211 136.79805517890182 136.80661499216833 136.81572891753441 136.8671411012531 138.56987851441525 136.20969239020502 137.82946029728618 138.96538666143434 140.0938730145293 141.80132091059005 143.50626912700875 145.20754950543997 143.81185894166532 146.61060024693288 141.376166063443 138.87648528737128 138.31666384195466 157.38135099956912 153.38960854836347 149.3820205274058 133.3360373101208 132.92119554878298 132.17066359051984 128.6143236298503 143.77459276964566 139.76279023395188 145.1637437951326 143.67948078622862 137.06074829384744 144.5801786561217 140.9687504616613 137.35256589023754 133.73409865772663 124.5924094051835 118.33097098274146 123.43772446870042 131.07173305542563 129.30023274232252 137.0471108972334 125.5332598566281 128.84026307247254 128.53891635477788
135.01187476703143 139.27424064405767 134.53975180477107 134.10674454864125 138.30705279161882 138.439291545378 138.49999981181745 125.59105809721626 126.24133751485186 138.8567882929983 141.40282476211948 141.66180910345517 147.03771195488827 143.97865476106097 150.1862458777009 144.60809818217356 139.28394767398305 134.41100773852273 156.39996884032348 152.31721181359194 146.0781218135825 98.48629579772269 108.4425497839276 145.06752311811584 133.41138997375288 129.8524548377851 134.75750706659403 145.23097328565768 139.07601761719766 138.4178222160555 137.41329478189138 135.68214296783333 141.29692400699253 137.6823130130537 134.96248751190984 132.65873908553348 131.41957219454275 135.08384397779804 133.48182128621312 131.71043785622368 129.94183180114123 126.56300763617357 131.61147900156607 129.09186999228945
137.31449925385627 135.5422677803616 135.10868474141705 136.9930133680656 137.0063917610994 140.09081909504252 140.47001509749273 141.54394234799332 129.03590996589827 130.98909811832524 132.1934496702002 133.40018073410093 140.34865310355906 146.23052094063272 145.76452121558384 140.30713629400083 139.37816183494388 139.1279086876259 157.78642904137382 153.7038737253713 136.40188605222477 123.50752028638614 95.55782972583415 98.19900337436718 106.3128550144888 129.00931454611245 135.83289684288775 134.31966694227523 139.77031696825495 142.1329392825935 140.41069372172603 137.63540584980703 136.93626098123318 143.6291712233086 140.78268258103125 133.59668711697276 129.45897289967291 128.73816268015105 135.4334295208417 125.36706929493694 135.71273332381566 135.37669095076114 135.04071982420484 132.44206994421066
137.75559932397033 137.41781034680304 137.1346305098937 140.86712120014982 135.80590472007995 142.83482419637278 141.68266721014146 142.818387035166 131.83576866378746 133.9213174877913 141.45539006512226 142.22494479926954 141.71498635778184 146.67106702756303 142.18492040365192 141.76909447484954 139.47203363781654 139.22171445706573 139.4005825138945 155.09140557052456 147.84028884321688 109.3709450342962 216.3310098548349 144.00079714129743 141.09785973111607 136.87580562681745 134.50838286118062 135.12744102313383 136.4092341490619 139.45672684602576 138.76071771491837 138.063157053255 137.36452360826465 136.66529713561758 135.96595785038588 134.53257414757655 129.72464167818424 129.1077661003041 128.84661004115748 130.686107775154 130.36308782177647 136.09699367476028 135.76100557560753 126.6285840725119
136.34124210810205 136.2830939842202 135.57416181311297 137.48961869867162 136.86767452064635 143.45163698283383 142.89452367303048 144.0919771515166 134.7565678361338 143.26490423234492 142.81973755628616 142.3733750290576 138.15729521962336 138.56160773445197 138.3699445589075 138.8601461323372 142.11933895374622 142.96419137121165 142.66604457223383 141.53481065350118 144.28556189450487 103.52992740336927 144.39900908005401 137.66353822529697 134.8227254394071 137.929629828514 123.66980282976941 130.9509537477883 126.2986831471078 141.04261509605266 140.5884810917973 138.48927853775618 137.79131484685698 137.09266114329282 136.39379724959895 129.74168474100878 129.99009764667682 131.2928692595185 131.0698957015038 130.7971631786521 130.47399781596908 130.15166294792337 129.83037845983802 131.59341813764132
145.94963134419817 141.90251771567827 141.3526249613893 144.19096032943455 144.2822827689283 139.8786437081223 139.52329421041648 143.6849501702895 140.0130044918864 138.73854556857503 138.72358874568448 138.70963382715647 138.6966908808897 139.01278545695124 138.82079825900854 141.08799900699816 137.42738152848074 139.71798974829073 143.61400717199365 141.6677519325081 176.12561939040359 158.5597781191983 146.3819038314944 140.99000803117386 138.15038392578927 138.98480658073336 137.1264061754029 142.81354814848055 127.4945211940589 130.06565866445692 141.5886570279087 141.13412689540058 138.21634272351113 137.51842008076193 130.41003964144477 130.89973258094238 132.17352360265645 131.867326139101 131.4461412242475 130.9079046663651 130.58466765698105 130.26223607104464 132.10753334543512 132.10624942643514
148.06031566261112 148.01837370763621 144.14314966236032 145.71504966920972 146.05693717122477 145.7695388970029 142.89487240680404 133.41176536541292 144.63457620813398 142.77606676221458 139.2649394522738 139.25095290779308 139.23785478581033 139.4657777524492 143.8245213958461 142.13574324623085 140.60430819582402 139.08083510312878 164.35046905711874 160.12131128591113 123.81993911075992 116.87026735869797 135.50804879946213 121.44614139808661 107.38437952606651 144.12580254747934 141.3191140322543 144.91341825309303 128.6938320987235 131.57997819696246 128.2657325064116 137.49890372633473 141.68145462488837 140.06155448870066 133.06794486910616 132.6271611217416 132.18652419633324 131.85143203297878 131.4301909568197 135.36460462470453 135.03307240744684 130.6833375999372 130.23471010952315 131.35263313798896
144.28281945511648 147.23660138846742 142.2254551537572 141.90912045985488 147.11753025179212 146.83017762243173 139.07884173281735 134.39611641410588 145.36025636809012 144.0238219365885 139.8076829376038 139.79366811825588 139.78041777994977 147.43302752252313 146.7379206028228 143.86933173192978 141.95402426810588 140.03604012251952 137.9480260422887 162.76950846988268 135.01708840465284 126.06333272099616 141.10928681348014 132.15782518497105 118.09375917651982 104.03705060152447 79.43275542479961 68.7821587719809 55.0625615066848 130.24625845202635 128.39602931067083 136.88253293813082 136.41121941550534 140.46087456641737 135.38916493850903 132.63971109614815 132.25737028108207 131.83541304082587 131.41421227661345 135.83057694321295 135.49915277408329 130.5901182004493 130.1413216750176 131.32837855614707
144.39441599282387 144.05448632652178 143.8302022915425 143.60694259858315 148.17751179853153 147.89026824170733 140.86597371712156 137.98270281068687 144.9420160564942 145.27053948041092 145.47514661281974 140.33740867512537 148.7622563500617 148.80123257793983 148.7815916503408 147.88437454759605 145.96640640974465 144.04485277364736 142.12102142324875 143.62600662976928 137.70701975602992 121.89011693210846 152.14025350787819 107.7368024104479 102.51331052747702 104.7476403925366 104.65027530826818 91.67218422394778 66.88767641577624 127.10536427123401 131.64513752502597 127.24960847994865 136.44576701123566 134.98689867299117 134.79744201613 134.60811312996992 132.24110462559963 131.8192807217705 131.39821671517936 136.29463271062835 135.9633923634126 130.49688226441492 130.04801950562901 131.30409799259152
143.47474927290148 144.57360536634846 144.3504900736894 144.12828142684768 145.00120232796002 142.52753756466262 142.93300106000643 144.7498919622676 143.54777678845878 143.59900675567863 145.96802387987753 145.67962800514144 153.91379444688147 153.70224815730813 152.28255289311826 151.89747504553083 149.97728369081267 148.05259889879443 146.12473059122343 148.27623593623278 136.13065447805934 124.20914207143686 117.05465139892972 112.29499880939565 108.88728731894885 118.83378392117609 110.67786053520194 100.86449530795178 94.4329857905984 128.6174949600936 126.24293860246448 123.87043501390077 129.0814593708816 129.48232670698212 134.85102616144758 134.6618381482535 132.92264238883152 132.74914030299422 132.5759762538886 133.05359585416156 131.6409729901558 131.35852276424498 131.0765719587115 131.3889543466129
153.3653433591502 151.815124969768 150.26106550552265 148.7042269060067 147.20391097252352 143.25275218931648 144.77717356550255 144.85313694013686 145.9340192912802 146.924999472342 143.88526996220628 140.79045291381777 140.79979848019133 140.81009696727855 155.7825008508783 155.90588214853256 153.9839065611605 152.05653109727254 150.12506751663005 160.93588016374818 136.98559139225856 129.82000320823016 122.66291139257605 115.5192144049028 115.26443150014572 132.92608102370798 123.76837194398396 111.05642212637571 103.62318773842682 66.59935026796393 132.8586038184335 132.17014214214907 125.23851825253413 130.04865090293214 129.24370566445768 134.9098639845267 134.78895456740193 132.71049899260925 133.1667748868102 133.11279748631702 131.63997847309827 131.35765254483434 131.57055995914752 131.41849200740666
154.98752451590954 153.44303031773882 151.83878878923665 150.2824681379145 148.78392887054997 147.47446764705379 145.37837113129066 145.82919298740296 145.03196086039333 145.6203940774738 148.44652682732018 141.90708149660702 141.91723244370016 141.9280824421741 142.27634713571993 157.86301220088706 157.98352980268828 159.75642493951707 157.15964259445596 145.10618479436036 145.04193940932845 135.4293996331503 128.27133905544687 121.12539336465134 149.8864168876998 147.01487504899643 136.85916169044225 124.1505658189172 111.46597723630481 133.16085135132624 133.6113811160921 127.95898566404495 126.7169274276611 129.65376007928788 132.75490521529383 132.45755193217207 132.1612722701464 134.74830604479712 133.22578835414072 133.17187779754497 131.63897026728378 131.35683320390584 131.60003497836797 131.44804485194916
156.56254841744925 155.0196345605213 153.47215995256016 151.92118204588724 150.1828833301058 146.04403389031287 146.49494944323277 146.9467259515866 147.39905566138708 145.23368775291115 149.71382478184603 149.14690528308074 143.03488855188627 143.0462883962536 143.56952355234324 143.47024124157645 150.3893377991132 149.09430043394858 150.56511151728301 147.0412745618257 143.83457772235622 141.03348200251162 133.87608570928236 175.12615659828646 160.23964199431222 151.00313580710775 139.20484933887687 136.78241547573776 133.64071098854086 134.88604316443713 135.9228291430012 129.44037398216827 128.1968744199524 126.95694578365303 133.21514594004978 132.91737866232677 132.62058064737954 132.32495450642338 133.28462783183917 133.23079640343835 131.63794932403582 131.3560655630398 131.62947027576274 131.47759275000692
158.135295951731 156.59431324111384 155.04841414150948 153.49865503130826 147.15009673513953 147.616042359723 147.61043796555046 148.06306516350276 148.5159900398983 146.67093219440108 147.63602197705202 144.27886477776727 149.84469117413403 144.1639487333474 144.1760794113053 172.86361047324306 178.83513979933718 170.81135850510725 147.27222346333357 154.996921988977 147.78172877366472 151.74832184903204 140.098018523767 185.12599129941134 146.19176985025206 143.44356680981946 158.1001191899161 146.51402107837572 140.32762829150874 131.41273347668147 136.24882980282726 131.23391617476244 129.67734735993835 126.68878648916785 135.45217509172858 133.37801362171987 133.08076342079684 133.19175895464198 130.761936406743 133.28951313046628 131.63691666211258 131.81084426324605 131.65884587080592 131.50711564364568
