kriging.asc
NCOLS 250
NROWS 250
XLLCORNER 2.0
YLLCORNER 3.0
CELLSIZE 1.0
NODATA_VALUE -9999
[rows 80 to 99 of 250, columns 44 to 87 of 250]
99.60421393681901 100.92825277648899 101.9493012326309 102.9263651567785 103.97864559999502 105.03529342703399 106.06360309515435 107.06233070565146 108.13244121917609 109.17711617248004 110.19958531600426 110.80524381426886 111.66256034137007 112.47705282482248 113.24362213390016 113.86926867258221 114.18154631655695 114.83061799193685 115.47205872254143 116.10974559137627 116.7842338281569 117.4607570929226 118.25174700807013 118.71849338761209 119.23655710704409 120.00043163392444 120.67368198833636 121.38810729643217 122.06891407842265 122.81029097207809 123.55502139619989 124.29133790088122 125.02478760394115 125.75290357055704 126.45214699759562 127.14101803753346 127.85315439690476 128.60299377755592 129.19592616083338 129.83656908113318 130.47292396342027 131.09314749345134 131.66493464237308 132.19671599297953
100.29679757392783 101.29155453962574 102.27479616232428 103.26575802712584 104.32708783905657 105.38473137572993 106.413771082044 107.41551282027825 108.38239987943587 109.31519850418886 110.04301747603573 110.8381858634833 111.60210441409082 112.3396376414632 113.15983584548499 113.89846226770567 114.40773652412733 115.04825296501569 115.6885975082227 116.32048954279003 116.9972456060102 117.64745091242507 118.39997771834834 118.87709333532956 119.40401670022567 120.09824149204027 120.81144098645882 121.55826824494538 122.28696218852572 122.91151079788483 123.65355570272084 124.3970189005112 125.13703051772757 125.8709139497208 126.67454774819713 127.3848602218387 128.0855490185262 128.7581812568488 129.4167206781279 130.0039831521417 130.65981803655092 131.29264395872772 131.90200676033135 132.44457016722515
100.61361506766654 101.62466432026147 102.64444528749591 103.59312990607204 104.66475602926015 105.72291743994373 106.75237508740432 107.7546003932593 108.72010902569382 109.65088151622071 110.38469368448834 111.1721506031661 111.9281821053094 112.65767075842957 113.44145117421346 114.08721552167236 114.70731751162158 115.21311577455327 115.82159784797275 116.45627333274041 117.06877307411465 117.79259246831916 118.7174124480784 119.29461126122241 119.59990104745123 120.29395098267898 121.02524314511594 121.74811555348354 122.47721361305089 123.19440160284336 123.92595870324112 124.66650668546399 125.4052638588914 126.143528695929 126.86007937792273 127.56796307885375 128.25980532199054 128.9351945417591 129.58775438599355 130.2320426479034 130.85821917921066 131.45970524394266 132.00096794326652 132.6903566416347
101.64217624092933 102.26393097549521 102.82921867297405 103.93864383655651 105.28952186895707 106.2778780810845 107.25405065400065 108.07228718843376 109.0864178483117 110.10555171224684 110.80819588158 111.61397001789612 112.13732394954144 112.80294894981662 113.62111212025418 114.26011117232882 114.87713507668116 115.47485767126722 115.99968002247154 116.63398585555004 117.26947828677302 117.77673658738011 118.41440604113956 119.11494442432027 119.79406362697489 120.48569052445474 121.20678229155638 121.92906653189371 122.6572956781755 123.37866999948022 124.09896414123604 124.84566610070107 125.58193840036476 126.31289861169287 127.02242429753649 127.72698988600496 128.415344644688 129.08747829354564 129.73744524724108 130.37837240481582 131.00265049482402 131.62279985085866 132.1616277266271 132.9368855019602
102.17871630436483 101.82882260255327 102.94839372897034 104.313661363413 105.21338904570733 106.67926376816874 107.3983892978986 108.3655231839233 109.35749747207177 110.22732172608691 111.09161311273948 111.87346900502838 112.61309189379534 113.17154304483016 113.83227380987604 114.42106423558666 115.03623055684909 115.63577668280777 116.17528874985999 116.87360171159109 117.51229841728428 117.96431503551268 118.60455277593113 119.29819550110233 119.98119911040168 120.6735628855762 121.37775035415262 122.10490866040287 122.8372100106039 123.55535496516062 124.27356016114021 124.98929217507094 125.70017560046577 126.45508166148332 127.16838701361614 127.86822049129547 128.56110543875994 129.23775793512604 129.89920800972675 130.5149994214226 131.13442680028757 131.75064187623005 132.38416545042827 132.85740366595138
99.34568555001815 102.1338665284098 103.85031331389459 104.65793343382369 105.42345219836568 106.5090060330609 107.42408676756419 108.48033663526209 109.59543742810847 110.55095644999133 111.41480006508898 112.10334535921432 112.62000530914348 113.31254476561554 113.96529773610519 114.59946096880041 115.18491224262962 115.78750758273138 116.38475138705037 117.0989561406551 117.52160596916843 118.15427205213047 118.9079915608022 119.4861723596458 120.16130272214771 120.85269115062836 121.55666216900245 122.28793430506131 123.00249414770867 123.72133500270527 124.43944560970868 125.1530365665935 125.86141314818269 126.58900962217089 127.29928955777928 127.99096330263963 128.67247898475907 129.34181624196088 129.97981281179742 130.60545663146343 131.22180492741649 131.81684289116305 132.40787817573303 132.94245690227555
101.87956314833009 103.41258509759781 104.15352494431751 104.9179435622342 105.74991528990334 106.34340605485586 107.61496672848716 108.71119574648917 109.81794789563385 110.78630618823574 111.40985790663909 112.1078468289248 112.78469159473369 113.44696691077826 114.08459270324269 114.7334469115323 115.35147010016408 115.96084482235841 116.64819293043104 117.14430735247686 117.78372669321458 118.40868777700152 119.05276530825944 119.70301973319464 120.33295675989898 121.02313411704151 121.72551448543848 122.44797097443075 123.16143024585281 123.87875228381985 124.59475752710256 125.30740929117451 126.01428578358119 126.71679092237179 127.41080470984977 128.09212334124373 128.75996942707147 129.41833759557366 130.05368466019254 130.67223384523237 131.21986359699628 131.85947663694625 132.45714428637774 133.0600870384076
103.01207089634373 103.69956148223946 104.41495231868305 105.1705418276463 105.99333758746835 106.88285756207132 107.81968608491954 108.89983732090461 109.97834743799169 110.93702377612232 111.72861609786001 112.46870839961397 113.16420074250135 113.64527648122245 114.2744575330259 114.84280044007824 115.46118959998526 116.10189621397967 116.68920038333832 117.29006364783203 117.91639862034118 118.55594711930539 119.18769713598132 119.8369129209983 120.50171201051089 121.18333729546866 121.88388806331076 122.5932683609052 123.30996314091813 124.02469391988755 124.73848639740038 125.44848377977155 126.15285190662155 126.82855804892787 127.50977406371553 128.17911417257164 128.80158283291163 129.4521028838331 130.0981185853431 130.7084040510959 131.29311864037254 131.87128703599615 132.4718400228114 133.0565162419967
103.31003297455146 103.9854198491781 104.67182944265117 105.41844379479261 106.23190724523533 107.11174371201795 108.77419880620988 109.50368950364532 110.31209064675545 111.06610004191793 111.90510500384198 112.63626957840891 113.32239337747603 113.77458858804705 114.39468400515486 115.00395918175109 115.61653332650143 116.18671647533844 116.80511729116944 117.4226459140439 118.0486652091447 118.6765689212596 119.30632043403449 119.96153274552616 120.6376267961964 121.3318151634955 122.03029780794971 122.73723077099487 123.44671459643156 124.15862389486384 124.86970173026104 125.57667989689062 126.27786660274376 126.9425364220719 127.61275396992953 128.27049044843918 128.81276643597786 129.43605232046497 130.12783870592494 130.78713859463932 131.3667935756357 131.939665523886 132.46155277640833 133.06828284837786
104.27688096876932 105.0390033920753 105.80137459744549 105.8275107493265 106.62579782433079 108.26046212686535 109.01907554837315 109.72586561293238 110.51014196794114 111.24136768241766 112.07286715733301 112.7948133560742 113.4712699379273 113.8984483319464 114.5094820914492 115.1292234399518 115.72243830929298 116.32164309815484 116.92966763311725 117.54185740389066 118.17174528425899 118.79471449705566 119.4264904428314 120.07621047148899 120.75059457814325 121.43572101370209 122.16327882570378 122.86752888665504 123.57025345092846 124.28781412328003 124.99354418885272 125.6965386949802 126.39143102070649 127.03294913611951 127.68990307003457 128.33514146090516 129.03186022221772 129.39673227198728 130.1489275162357 130.8537589674219 131.42885216243974 131.9969313830073 132.44072676095513 133.0287164684952
104.64070615183721 105.37905589220452 106.1182752765597 106.08201900061533 107.78284958678626 108.51801066816475 109.25245295945817 109.98664560455913 110.70513853040354 111.41344984306748 112.0742068511544 112.9479180333851 113.61441978861637 114.01953344747798 114.64797407126666 115.21102294126318 115.84169166366884 116.44464458881737 117.04773925197381 117.6523338116104 118.26345013186187 118.90317509766831 119.54630866253467 120.27752844641017 120.85231139968529 121.52248202079971 122.27521143774753 122.98866618989666 123.7024124674787 124.41296501486939 125.10735935453225 125.80332986020127 126.49489876463898 127.17494781983254 127.7529310448402 128.38397673608577 129.08627678301136 129.69317795490917 130.17329869033009 130.9121149587968 131.4793061437074 131.9737504234761 132.536682842032 132.9731678881738
104.98346641865623 105.70030199948076 106.4186394892497 106.33670520808505 108.04618112991457 108.76284393278877 109.47597057072267 110.1915609578127 110.89932598320247 111.583418783243 112.22567914172608 112.85300661585 113.75537392719363 114.14020234487981 114.73744279430696 115.37542154021156 115.96441887993676 116.5602942922213 117.15662245183663 117.78177710904082 118.39054644824579 119.00627862288864 119.64599062044678 120.2883226483587 120.93999909069773 121.6801483267336 122.3709346540048 123.07567691222148 123.78648755467643 124.49853639986613 125.20640850537649 125.9104310265854 126.59530565362073 127.24766510773034 127.79774136568479 128.41368526914744 129.11939832523484 129.71528608533572 130.14129501922824 130.94496606426173 131.3846691228012 131.9749759612029 132.53368400417287 133.09106951308615
104.43189541514323 105.21559012329777 106.01242930571846 106.59415537959762 108.29546543414958 108.99641960446866 109.69629749297097 110.3909930020937 111.08313295660521 111.76517269887735 112.30040884047156 113.14294928339278 113.89382551882875 114.19973096557453 114.90367536644655 115.5007404464755 116.08055977293971 116.66889083749605 117.28481556454155 117.88235883393726 118.48537344076593 119.0961413229709 119.73435481770025 120.4119433876575 121.06819728704428 121.7551722229072 122.45229681339839 123.18394828344763 123.8878202826295 124.48666832067187 125.27098836392891 125.96844619824442 126.61625877238556 127.32563396176839 127.82302180132176 128.52722561739307 129.12980747074982 129.68243346939244 130.22149484428542 130.79677491400008 131.35530917336249 131.9093822196188 132.49209259016854 133.06722041805702
104.8613645210952 105.61722769413649 106.3861856534466 107.43674738427168 108.22577400283598 109.00712155148155 109.77975559311834 110.54423346803041 111.28221240365801 112.00300637518109 112.49414860814623 113.14272991057751 113.7762482457338 114.37785612130855 115.03258490792804 115.62279077319756 116.19498506398047 116.77775490631196 117.36281975582506 117.97254888544106 118.56966074627613 119.1754248271261 119.85216299432062 120.4731317026839 121.0259267963372 121.71194964108543 122.34719566156082 123.07094327908578 123.80329858891035 124.54168722806085 125.28333184179377 126.025452559862 126.70140052508478 127.42992134930584 127.97428927697578 128.5360022843282 129.09858121768946 129.6275007301526 130.16679892563744 130.7376432280414 131.30379264205627 131.85164457829922 132.49604265213574 133.09377322873456
106.21865990475408 106.01665575238297 106.75769558165808 107.78737021572768 108.54515771797672 109.2952237931234 110.03655521953442 110.75740809527659 111.47997510207443 112.14094120674264 112.72990826854436 113.33621341086538 113.92429451581913 114.4402781246022 115.15130189059995 115.73089016541225 116.29705893086576 116.87241391386944 117.450495138777 118.03358767599352 118.62384405179424 119.18968422922495 119.82267158820689 120.38826900402944 121.04121720780003 121.68697402334085 122.39261123213747 123.10982436962398 123.83597755051873 124.5682788967689 125.30435069408064 126.04122108989253 126.7759050023746 127.49818580428749 128.21223118147122 128.6137922009428 128.80013040408113 129.3483863261971 130.00336982937182 130.66701717507954 131.2285173535022 131.77106776311567 132.44774158547418 133.04665895632235
106.44115021633036 107.13750709318799 107.82235466866325 108.38422528898602 109.05550292928228 109.71931288896849 110.3752194986987 111.01590229366657 111.66822205894536 112.30626664249655 112.93387371674338 113.48151784293741 114.05677046255751 114.56850238554988 115.22280276504728 115.83052842464234 116.38808334690482 116.95744570358877 117.52912829122673 118.10519899879992 118.68009811142238 119.23812696784944 119.84108421296447 120.4534695303498 121.09532594751684 121.75168766084323 122.4261231396989 123.13394016003136 123.85102997647034 124.57474974836902 125.30214862834698 126.03096816313021 126.75793691642623 127.47561945925068 128.21362935776742 128.93221950748816 128.6602977379747 129.31286932247377 129.90153134654688 130.51206009011705 131.0866748406449 131.7851938976481 132.38630116190626 132.9870382091638
106.56252378971493 107.2786895416837 108.44325279600696 108.56039313691598 109.24230374295409 109.97755035738768 110.60836656624645 111.22779783399484 111.84100546182928 112.46605811193848 113.08040916604348 113.60436897179969 114.1815478106459 114.68850785452189 115.32723946364189 115.89570981904913 116.47605792355947 117.03727288836845 117.59500539057791 118.17477271518138 118.74475795307855 119.33144355010036 119.91742835560777 120.66305007574553 121.24059893793385 121.78310717488162 122.44609278120473 123.14165514834278 123.84682361277025 124.55896959054003 125.27545028894598 125.99306526452371 126.70952628676285 127.42289065334595 128.1420047089218 128.8537380818502 129.367666468812 129.575212240361 129.7680077996258 130.13731745825382 130.72976991034224 131.06244125284746 131.5453402784018 132.05754348534137
106.79534423989352 107.48703800226409 108.22460529050828 108.891339835012 109.5570945192289 110.18877512868663 110.80345021953349 111.40647125485813 111.99908993256169 112.54509598394844 113.09594201233335 113.73182548586544 114.2981033365273 114.86319533935246 115.42251709189787 115.9808754339447 116.58765115555084 117.12726721998949 117.68021440654267 118.23598689375558 118.79539738551748 119.36362889416894 119.95782275637922 120.50302109896266 121.27106099101911 121.84074423354014 122.44319646757654 123.13133992085879 123.82173610203782 124.51946049172159 125.22188651517405 125.9258989219513 126.62905931347004 127.32477267809666 128.03353312870968 128.73580987369672 129.17144921217795 129.78284972489962 130.01277833305696 129.9239782222566 130.20801700225826 130.80434831897117 131.26905937067832 131.77605466431703
107.07175885854497 107.77595256970064 108.48821003819509 109.14567054977566 109.7712009481199 110.39270383931941 110.98953363900881 111.5750746807072 112.15227818283653 112.72002662477612 113.22057670619787 113.85930772555011 114.40442808087504 115.11205598425101 115.64127035002824 116.16220113665638 116.67433848513843 117.27737964441172 117.8137121612247 118.33379204197493 118.8799890108194 119.43435554834393 120.0165949837608 120.54547742202621 121.15402486092208 121.77822698917602 122.4169882339959 123.06722495030021 123.77415867131124 124.45462467267633 125.14016492243263 125.82816176263249 126.51857162568554 127.19132507020544 127.88712432686113 128.39476004357203 129.00384813770006 129.6011708847472 130.18638827435979 130.3876983525145 129.92985686523676 130.51113753967965 130.9562064590865 131.45678126622354
107.35346968684225 108.00326094818352 108.72657493983218 109.3797401751784 109.98511317711734 110.57821202830245 111.16055417932128 111.73176798733483 112.29032423748455 112.84905524003234 113.39392977845708 113.96249322644084 114.58996072683736 115.1671728350313 115.7355830619632 116.24368615845367 116.86499619672482 117.39929306043742 117.92288706421155 118.42279007241311 118.95330215246989 119.49531932218432 120.06369666312756 120.57601478759133 121.16950593487907 121.7775218641372 122.39887440929161 122.91119981472885 123.64690733326897 124.29647614375332 125.028723681117 125.66373645187522 126.34885027883311 127.02947483989524 127.59692679474202 128.19983927870538 128.79191982542199 129.64052104738178 129.68934311863083 130.1520615533461 130.45728321894885 130.3777775387286 131.02051638846308 131.4602259978385
