kriging.asc
NCOLS 250
NROWS 250
XLLCORNER 2.0
YLLCORNER 3.0
CELLSIZE 1.0
NODATA_VALUE -9999
[rows 20 to 39 of 250, columns 176 to 219 of 250]
94.92792724242204 94.55059523832443 93.73016751036758 93.44156716197688 93.05779754856587 91.43682783651906 91.02646520953644 90.42313991668354 89.7072707555287 89.1143852162629 89.59997962527997 88.98788446038918 88.5773648097708 87.81746578359153 86.82988650437588 86.28745062144847 85.8962420705378 85.19443422703476 84.50860101702814 83.8760405593116 83.3989894505918 82.74622389583529 82.02123657819342 81.40375335319399 80.82372875482466 80.24981388962728 79.69259488678706 79.13389129150106 78.56258980729429 77.99529768774654 77.40795367472444 76.8608657098726 76.35517994586347 75.9211975132947 75.51357220357708 75.05768533311597 74.10400441702862 73.81867433625054 73.21165539819982 72.81549790652659 72.45450425098602 69.89855488668391 69.54121046328254 68.76452829844115
95.20789210584277 94.84088947862895 94.1198745194412 93.27340835400548 92.60574707380977 91.95436109928278 91.34102890862766 90.61600350361076 90.00713869179249 90.42309859894941 89.7822015785001 89.1554914849588 88.51946577985284 87.48749273667998 86.83551304654443 86.26317483973219 85.54840912782299 84.84842844678288 84.1684442534069 83.81959645975972 83.39431236581285 82.73275683845773 82.08739082010274 81.39755517934564 80.79986159658222 80.21686450238685 79.65385379705417 79.0827787960107 78.51791944272978 77.9331341986592 77.32625877323719 76.70630443453246 76.28789905757496 76.00038286758048 75.78258158191531 75.40142578664334 75.02325332513739 73.57455096897482 73.57062724529301 72.62111985120323 70.51224112360453 70.09135587947773 69.76956931406157 69.23077836918768
95.67127506885112 94.75458750586044 94.09957287917281 93.61758520958196 92.8677174534269 92.4479714575988 90.2068738174574 90.95282603467592 90.33192762003745 90.61497928699757 89.96185945078491 89.32069283818046 88.67018149038587 87.60564615312208 87.00597848959534 86.39928400177932 85.62677123302012 84.92107966011433 84.23536951433387 83.83285676665277 83.18215717669051 82.69341660213917 82.03942414398126 81.4019674359397 80.7813052540842 80.16358403711996 79.63497161982258 79.07210987408646 78.51628682967754 77.37292025038425 76.80203598923511 76.3520892346412 76.02395191255475 75.81833478366894 75.41407366615744 74.86967365019723 74.46979186803873 73.80711110176522 73.34647329748157 72.95320341053866 70.6686169766784 70.29009651625941 69.9014953597756 68.75736002333417
95.68442895918388 95.07672760434738 94.47717436743488 93.91283086165248 93.26289643305532 92.59566638891255 92.16583554582678 91.31512749369878 90.68223402894701 90.80306902969173 90.13883282675661 89.48337800833801 89.01950652431675 87.81211750295351 87.17841162499228 86.5374833885743 85.89038135211328 84.99907708852629 84.30779476761968 83.84022259327399 83.17420722007937 82.52109174673714 81.8812383356346 81.3198660901839 80.69083217766064 80.18723556093954 79.81634157070057 79.31705583365918 78.65288898540302 78.12234450145696 77.52373213152791 77.01102100942099 76.50973561210064 76.02027925931641 75.54304379565576 75.12659691997521 74.49901587038477 74.14710710757291 73.63657151431765 73.2818490558088 70.99825013553277 70.63840721711475 70.41215253815474 68.15829218572169
96.06707202742415 95.47718365064073 94.88954782756122 94.3143496360573 93.67500486314916 93.0182272263733 92.34449491211143 91.70346549588513 91.63686606488918 90.98724293744742 90.51462824036425 89.81632289673796 89.11004513448786 88.0203201733962 87.35272128346894 86.67770541202009 85.99634452227517 85.08237208753711 84.385675202828 83.84171056428019 83.16053656731361 82.49227121692422 81.83728708038325 81.1959396492021 80.77116683246116 80.25871133705238 80.0167520744825 79.17272072447379 78.65453491014726 78.14653135572053 77.64912652465794 77.16272700860682 76.68772898745864 76.22451770462669 75.77346695844614 75.3620964920978 74.81879837235937 74.45287585847869 74.01530289758259 72.27778553102718 71.81683102931598 71.21520809965091 69.8473180441199 70.40533495671446
96.46546017999408 95.89475210567338 95.3192851982794 94.73244013249163 94.10376959205246 93.457529234409 92.79419008228507 92.41793791039396 91.65485423389029 91.1148408674114 90.60327574552697 89.90510279090526 89.19893587718634 88.2301361962253 87.52881284987869 86.81987893821403 86.1044295733415 85.17091306942926 84.46896295849643 83.83734643605368 83.14118139189821 82.45793248641242 81.78798259733031 81.13169750766309 80.93829148576847 79.82954458088591 80.19066892415078 79.23562023090003 78.74382079628151 78.26222896145178 77.79124305924205 77.33125152250018 76.88263236493427 76.44575267722064 75.99354597760457 75.60133486045547 75.11727218808709 74.71204703122064 74.37136203195392 73.30897663686817 72.40142204067217 68.36514397425911 71.29628210430346 71.13017848367127
96.90621591658228 96.34653655248687 95.77246595286353 95.16681338793873 94.54889439911898 93.91326902902426 93.32710697170768 92.60738039484019 91.9415150850862 91.3029403865657 90.68988894034297 89.99200947989146 89.28611621784154 88.57269246783473 87.70658834273914 86.96392934002029 86.21458534450062 85.27968056533211 84.58438455160433 83.96389993286911 83.26826299835894 82.58239727132512 81.90660379860873 81.24117425973003 80.31705991676577 79.72352934250034 79.80673346479837 79.33289805923735 78.86829008349646 78.413294060549 77.96828568978432 77.53363134467878 77.1096875838521 76.69680067643603 76.23013445402863 75.7885670329873 75.485866411652 75.11597676778231 74.77097528918344 73.84273647161316 71.1559874668026 69.85608439196545 71.13051704496506 71.58267242245157
97.2572948646867 96.70960642388835 96.14753144460157 95.44831115430479 94.82085004327726 94.17603517940334 93.61714281813826 92.90563317746742 92.23364252260531 91.5135925562773 90.83283240016179 90.14587209427307 89.45317936169957 88.65851847698117 87.99973289847745 87.24232805887678 86.48024746372505 85.43682073918038 84.73762819301483 84.06025276119344 83.22236071692078 82.29357324471727 81.65398914192998 80.6600211036695 80.03813384054288 80.4487994904431 77.74111979586814 73.32927448887239 78.30721404538107 77.87904266100296 77.48122202741837 77.11572365553454 76.7844874939193 76.43824138301675 76.23477705068456 76.050994000146 75.77971354213865 75.94207049168436 75.93352536339508 74.3787314544693 76.12470086585874 70.59320334995789 72.53630996121593 72.92331456836514
97.58767835455676 97.03103240662765 96.45977868684577 95.57924567793813 94.92364647976765 94.62565868190293 93.97413237676238 93.19291229076926 92.51497242720397 91.7218181202529 91.0417950114586 90.3555261863267 89.66347889636509 88.976537368816 88.15677421871587 87.36245553810207 86.56166290712206 85.31466497178874 84.65104869090554 84.0189056730876 82.94159902138227 82.29547611761508 82.07411916728222 79.7277373248092 80.66074156637615 79.45333891848207 73.78715802840952 73.29240890079313 72.9745855517786 77.8404914997186 77.42638593899096 77.27734407775145 76.88449764459595 76.6412739470279 76.4632008503702 76.27300948731863 76.11248810809658 76.01629322891787 76.12772393823917 76.2152187796124 74.40841077814984 74.81199350726507 72.5108434082097 72.7498593381481
97.92289700284103 97.35714610894475 96.38936200398885 96.24463524102113 95.6160804875908 94.97557316112743 94.3235644556775 93.66051830334908 92.86435883029043 92.18900604733132 91.24834312860868 90.57798454625257 89.88735971430546 89.19148817346513 88.49084865742434 87.60232998927943 85.14745163657436 85.41386727354818 84.76508940763111 84.1477746100811 82.972358184298 82.46945534155046 82.20203774973061 81.52990899853066 80.894949706453 79.73710569958924 73.93209438391938 73.5052405422615 73.24387992152765 73.13309242709141 73.15848253834895 77.28616190807871 77.09877534667416 76.91711912256625 76.71946299105099 76.5511792881973 76.33949357385887 76.28776399855008 76.19423372648362 76.50786485373607 76.23699636984122 75.06728315881121 74.65108241305367 76.48511030542525
98.26066640266905 97.6856718235473 97.2050593779174 96.58878472981783 95.96004683653159 95.31928374517459 94.66694681595217 93.82410653416504 93.18559363252484 92.5182049841432 91.47289807969243 90.78901020351027 90.099358161615 89.40441409743704 87.96876411285675 87.36303661843091 84.98906632590685 85.5304394769509 84.89669293892612 84.180554638536 83.59808687446993 84.5211228769513 84.38773709350284 82.82722081411302 83.35177859235603 82.7141044653545 70.32859353754037 70.18770609695318 70.28483007258052 73.64735865474503 73.69437382880727 73.85035821077045 77.35631820469112 77.15759417880078 77.00628995564252 76.85674227762217 76.60704490040031 76.64655286513164 76.47851436154049 76.94394820206146 75.88227056781288 75.79591419568897 75.77543926638116 72.685892925821
98.83612174805452 98.26377755247806 97.54243900520112 96.92619880057494 96.29742589414596 95.6565583503644 95.00404758910582 94.1424272693512 93.50836353210633 92.5833868626793 91.9606134278867 90.9975497841253 90.30902744637002 88.55310678404135 87.98046286879314 87.40440794800259 86.3138328101854 85.66432257408263 84.01455365531079 83.2727696665381 85.19162304311126 84.9346582928796 84.44052787258103 82.89839334397838 83.52064343318972 71.28133438172543 70.96703324541969 70.90820585613993 71.06827149298807 71.41130483835416 71.90211941171239 75.82174512278834 77.74049345830713 77.47629553022969 77.31942492061168 77.19227666041068 76.94955965899818 77.09294766087521 76.95532626123443 77.07945697479782 76.52305550834592 78.33841527312174 74.02095067801976 74.31269666982182
98.72196746141157 98.47575005245608 97.87271199421812 97.25665103714225 96.62799125704527 95.98717063255907 95.11538971831297 94.46284166550906 93.80453508255023 92.84999689346549 92.22887697952315 91.20346052937674 89.07595801608478 88.5368475281134 87.9939418059503 87.44773229682885 86.58266016317513 84.88131018701209 84.12049395602746 85.15427236554633 85.25864324838675 84.96381684069792 84.44116905395563 82.96541737912568 83.64522254226766 72.08604137826822 71.85707266541492 71.86428659108739 72.07076380669271 72.44026866622534 72.93733280586838 76.48696588608121 78.37116867872916 77.83406313972125 77.68725606797682 77.72590562324118 77.66284727032838 77.48590000350548 77.34901048663315 77.24467528072475 77.79382017561366 78.29518858895298 76.56385846691069 75.73325311795574
98.85459988929931 98.79830989346983 98.19565826882011 97.57992122764891 96.95152262152122 96.08071637909862 95.43607211026158 94.78513310440513 93.87996530020247 93.17231666747813 92.49465075518512 91.77469370848308 89.03159117865727 88.52224297519928 88.00922753220861 86.01049561434341 85.24542649715534 84.349935168369 84.29311199350748 85.33615216745022 85.28342117216725 84.95242600569992 84.69865103341189 83.04080218009352 83.73629478166339 73.11660706840719 72.95746031921163 73.01469749790961 73.25107917748407 73.63007789858158 74.11596272116957 78.86218948636355 78.7346866960369 78.60923439872126 78.05634466933394 78.11881378708134 78.03190611736632 77.89594804102312 77.85125194299783 77.72143074267055 78.13084948456805 77.41139819842323 77.45102799664784 76.92400593454806
99.13656291760643 98.52111968337663 98.51106430329138 97.66583589523239 97.03709833050632 96.40109452145222 95.7582707602687 94.85954447463682 94.15689174304097 93.44524202486825 92.75775305155209 89.55676919123303 88.79416199293672 88.50933751149535 86.74200472407759 86.2587813992808 85.51810382712942 84.68259959931339 86.0464401277386 84.3142373741147 85.29012295046073 84.92471869821237 84.64163208976987 85.18810132367783 74.67108690972432 74.33195832296354 74.22712378018247 74.31838925142772 74.56821366724604 74.9397968523611 75.39716463247134 79.2635394511066 79.12791587959316 78.99503466733509 78.70229700653374 78.51267956480712 78.79612976548893 78.52521045664389 78.29815867087031 78.4274914345282 78.11920270940024 78.13216508899077 78.14795977135354 78.28003289183147
99.42368818365719 98.79952360242532 97.8737135595565 97.98324754546684 97.35660455736658 96.7226284109116 96.08176399941584 95.14032922893563 94.43389021580906 93.71839428526386 90.62862776826088 89.8122764801966 89.05172515505214 87.4829237926989 87.35971167272552 86.84573612846211 85.93673418703055 87.27000809697182 86.29630017168083 84.63862098544078 84.03461341303294 84.9050150978476 84.59439630839991 80.73476463076872 79.42687045069684 79.03610090674532 78.77497683023253 78.62366710957949 78.55640063068383 78.55019000488792 78.58393793501821 79.70411292695911 79.55372448626659 79.31449422105615 79.1988719601743 79.08128890904979 78.74007076155863 78.8607834984532 78.9070313003757 78.45817230462544 78.34965087630967 78.75381611516845 78.99824153752739 79.09043138665402
99.96149356592869 99.17037507544985 98.19265712807385 98.3013201068076 97.67690706157362 97.04509506121947 96.40632750427007 95.42083788396985 94.71076853007308 93.99158390635031 90.74238787024723 90.10627526199846 89.38478459438187 87.70958834981114 87.7470337713697 87.34951323153956 86.43485242526027 87.54996645248866 86.55736120238538 85.00149508572282 81.98282304017478 81.50643500916843 81.22417442360305 81.20517536495194 80.27780811587024 79.92818529702234 79.70031750135503 79.56252025693915 79.49775097376038 79.48029105856695 79.48881733414339 79.79493691456692 79.82282458948251 79.7010056685904 79.88260499083904 79.45854029121651 79.33169704314889 79.62491515129258 78.87121215503407 78.79277233095954 78.78946925669005 79.48284905450046 79.58865237554618 79.95026164361241
100.22218628836757 99.40208623639185 98.53041248943032 98.6198312766247 97.99778202205249 97.36826917892905 96.4047453861724 95.70087432902764 94.98733307653075 94.02390645776929 90.88003511853506 90.2285675909027 89.03915746772542 89.03620945442208 88.21101123165032 87.93217058743272 87.01218297553072 87.840339583814 86.83711153665894 83.68315361422007 82.8964338869687 82.34160833929293 82.29383114244301 81.8992703207126 81.51923491949998 81.10109876660087 80.8076440279601 80.61462607005868 80.49781549244379 80.64327519070861 80.70858037829404 80.51645465494167 80.4255376377435 80.29124010296368 80.1380734150525 79.8859514970232 79.7974940243848 79.16121190000678 79.80708159262889 79.86836362776548 79.91103033166098 79.96665591727394 80.86355592498035 81.12535602915214
100.19027082759295 99.62495027684605 98.88671654814948 98.1694344646527 98.31900365890246 97.69192342564894 96.6873661647944 95.9802413640665 95.26338905056495 91.74874311074424 91.0414736571722 90.29262539251188 90.25143715212508 89.48844840537421 89.88021084617446 88.59334575481134 89.31471045144173 87.38997576997417 85.97151983626271 84.76271830588294 83.89779847137481 83.64737930939869 83.0755623126694 82.67311473437186 82.40839725094939 82.00275726149144 81.64977014178893 81.57974195455134 81.53515491557113 80.62108014928504 80.861824057827 81.20707708852947 81.05105868877823 80.80929592886486 80.54762925028072 80.28488492411861 80.31349604844549 80.65777091121105 80.83962917673796 81.18771382648075 80.34277384825965 80.36909573412923 80.32977971227045 80.7032434613619
100.53654041401788 99.65480008536136 99.60899408651247 98.53905339431773 98.64034449800502 98.01582868441386 96.96895816346925 96.25874093100067 95.53874068077619 91.94883753554464 91.60340473015515 91.48382678098716 90.73128812745385 89.99637951794315 90.55022694220321 89.51818305489337 91.2882675132663 89.6876436520431 87.1581027154736 86.27502862817875 85.27790777812943 84.50682351303234 83.93082187109825 83.51855709293787 83.23836372084561 82.92450925386947 81.58760991223377 81.69855841500272 81.83707837625985 81.95926574582482 82.02163390799944 82.11024321816774 81.70412758021774 81.34828711333297 81.02711190959826 80.78847789367975 81.0042100974469 81.21621643191277 81.13477189832967 81.54412620973966 81.40163370976903 80.09981050818146 80.46880704123835 80.47258147287012
