kriging_old.asc
NCOLS 250
NROWS 250
XLLCORNER 2.0
YLLCORNER 3.0
CELLSIZE 1.0
NODATA_VALUE -9999
[rows 0 to 18 of 250, columns 44 to 87 of 250]
86.04014 86.04014 86.04014 86.04014 86.04014 86.04014 88.07862238239682 88.08284864974692 88.0870853675923 88.0913296228007 88.09557849707332 88.09982907028862 91.65056915216289 91.67727967081821 93.65844739137532 93.71079028232275 93.76315059342498 93.81549263366166 96.64124213130835 96.6647147597631 99.63123765083907 99.6328083994818 99.63438212533427 99.63595774888745 99.63753418758779 99.63911035707693 99.64068517243435 99.64225754942234 99.64382640572978 103.07969120966018 103.10220763857144 103.12476297051853 103.1473417654846 103.16992855846887 103.19250787713948 103.21506425949627 105.31633550870234 106.95745825364244 106.98571521007923 107.93290601168991 107.9685953400879 108.00425227766223 109.93706748825777 109.93011152848011
86.04014 86.04014 86.04014 86.04014 86.04014 88.07761217695935 88.08183614927296 88.0860727514737 88.09031907183336 88.09457219061795 88.09882918343331 91.6255657554087 91.6522858368368 91.67904023149521 93.65411252639564 93.70652555192055 93.75895698761329 93.81137109394675 96.62914516966902 96.65266387692456 96.6761698898213 99.63163000000003 99.63320499161512 99.63478215394125 99.63636040336803 99.63793865429146 99.63951582035841 99.64109081571264 99.64266255624088 103.0815923529899 103.10415333053305 103.12675281532145 103.1493753371192 103.17200540097885 103.19462750492826 103.21722615766753 103.23978589624791 106.95680789092833 106.98509010172639 107.93046676503731 107.96618135975201 108.00186404447642 109.93656676662853 109.92952562952769
86.04014 86.04014 86.04014 88.07241719757548 87.09695823791981 87.10214516055782 87.1073467001321 87.11255928787321 87.11777934292007 87.12300327641942 89.48359308338725 89.52091762047074 91.65401961299837 93.5973593036221 93.6497753598776 93.70224657035554 93.75473718029988 94.5428736711163 95.74102408018867 95.76027329061056 95.7795158322086 95.79873850984244 95.817928140648 97.97779315318775 97.98433986478508 99.63676225732638 99.6383414151957 99.63991867125037 103.06097374781206 103.08352061723156 103.10612104265408 103.12875956923477 103.15142070001744 103.17408891361325 103.19674868191798 103.21938448783867 103.24198084300195 105.12033067954678 106.9844699599349 108.08435809355568 108.13860810170779 108.19285159645571 108.41662961827225 109.92947180097002
86.04014 85.73018518241378 87.0879668514259 87.09312618424671 87.09830694532243 87.10350559408144 87.10871856989993 87.11394229616619 87.11917318437003 87.12440763821111 89.47825747938339 89.51563505437798 89.55308305521268 91.9289792543691 92.148761018656 94.34167460634264 94.4396857474477 94.53766847367305 94.63555598024789 95.74804918994076 95.76732008889452 95.78657389740371 95.80579741126199 95.82497745173816 97.97420987743965 97.9807492120742 97.98726512423585 100.66589733168779 103.06289310753473 103.08547468968152 103.10810943518639 103.13078186574222 103.15347646118937 103.17617767722135 103.19886996312775 103.22153777954699 104.48506534948811 106.26382143843412 107.82386860414968 108.07767236177574 108.13192952180839 108.37933166782359 108.41791017938995 109.92739655792182
85.72975802315719 87.08415615015001 87.08930193126278 87.09447238580361 87.0996639897085 87.10487319500047 87.11009643383022 87.11533012254876 87.12057066580475 87.12581446066068 89.47291654902604 89.51033865571642 89.54783247055875 92.07092750909025 92.13821741648522 92.20558080850644 94.43435969838997 94.53241753672286 94.6303812987349 95.7357706211831 95.75506550350943 95.77434608187346 95.79359913371721 95.8128114600785 95.83196990067052 97.97057517021769 97.97710580660598 100.65763877655112 100.69434417281352 103.08745323587848 103.11011715011395 103.13281832355696 103.1555412163776 103.17827026489073 103.2009898993215 104.4530281255723 104.50198792080413 106.26733381976872 107.83344443150509 107.86197070851834 108.1252674533921 108.38059606029685 108.41918300253776 109.84271842759662
85.72904766406975 87.08549073529747 87.09064674776849 87.09582715650897 87.10102843067394 87.10624701568236 87.11147933726565 87.11672180554719 87.12197081914705 89.4302142902024 89.46757387369527 90.39121943272832 90.43262753364144 92.06031010549958 92.12765900650646 92.19508382248853 92.2625385353501 92.329977087298 94.62514206423401 95.7234459435658 95.74276041885918 95.76206338773812 95.7813416122964 95.8005818763334 95.8197710004533 97.96035010800026 97.96689400786136 100.64935898258881 100.68612148376158 100.72294473424495 100.75980359355995 103.1348675481941 103.1576135516556 104.37183092367826 104.42088797538167 104.46994226846805 104.51896022093062 106.27085274283536 106.31360344461358 107.87159393124807 108.1186265107045 108.38186071073349 108.42044723719702 109.84128259003087
84.22850559098873 87.08683529296644 87.09200036809742 87.09718955668725 87.10239932191041 87.10762610338783 87.11286632124188 87.1181163801825 87.12337267361795 89.42484731569931 90.3486410528077 90.38999963368792 90.43145366955525 92.04970046058239 92.11709299384887 92.1845638606899 92.25206701142136 92.31955635503707 92.38698581165487 95.71108357144317 95.73041323587243 95.74973420059072 95.76903321535755 95.78829704973835 95.8075125082198 95.82666644527346 100.6043400378228 100.6410635397955 100.67787480082765 100.71474872391644 100.75166013394511 100.78858380632643 104.33960410141441 104.38868882565038 104.43780058561768 104.48690574819238 104.53597069653229 106.2743758426605 106.31715009956534 107.88123959196875 108.11201128203133 108.38312476518513 108.4217020296989 109.83984774690742
84.21489127889058 84.26749591927894 87.09336185299294 87.09855864105033 87.10377571229891 87.1090095013714 87.11425642359553 87.11951287908549 87.12477525685806 90.30613838930623 90.34740909109077 90.38880382373083 90.43029435314259 92.03910583149397 92.10652660583345 92.17402811894287 92.24156430006317 92.30908903549499 92.37655622107083 93.5943978512882 95.71803240404255 95.73736695759037 95.7566823658133 95.77596538705689 95.79520281269319 95.814381482199 99.33471568592124 100.63275807160903 100.66960971404288 100.70652592361563 100.74348149629802 103.11556323292982 103.19935218194988 104.40560686655748 104.45476214785822 104.50390698585235 104.55300773652549 104.60203081314427 106.32068876461206 108.08478954709196 108.12222146324824 109.29788890539155 109.4516732958554 109.89908013126444
82.89897394013869 82.96484347634737 83.03062240465206 85.16842617454351 85.18454438319046 85.20066246968771 87.11564868007648 87.12091033361486 87.12617759605149 90.30491430852545 90.34621137690728 90.38763281554253 90.42915037210224 92.02853347879832 92.09596708373445 92.16348381758357 92.23103759903971 92.2985823022457 92.36607180927956 93.56312278916046 95.70562641179157 95.72497013784017 95.74429753152486 95.76359534299344 95.78285035351477 95.80204939056887 99.3053535233902 100.62444822855855 100.66133184625019 100.69828192720286 100.73527324422 103.11144202832234 103.1953524404596 104.42257347229692 104.47176105818943 104.5209343503541 105.7214654952258 105.79132471869801 106.56195909533974 108.11186546218468 108.14929639831611 108.39413429567023 109.45464236655988 109.89774764957909
82.85854815017164 82.92451224317959 82.99039487424159 85.15208488884392 85.16822745272546 85.18437366156975 85.20051243916566 85.21663270385487 86.4621877444193 90.30373472972609 90.3450487279587 90.38648740853627 90.42802250733956 92.01799065817596 92.08542167450904 92.15293819320573 92.22049413294796 92.28804336626457 92.35553977201953 93.53177093496171 93.57692354305988 95.71255225269897 95.731887215627 95.75119541053277 95.77046361160072 95.78967863732021 99.27592940511649 100.61613968185846 100.65304684672974 100.69002236072998 103.02332038464495 103.10731356258276 103.1913263777654 103.27530143291793 104.48878566607144 105.69227539070216 105.76224870520551 105.83214329938374 106.57800404530417 108.139016523738 108.17643794940179 108.40100161324956 109.45754385635644 109.89642007938124
82.81799170952779 82.88403536977285 82.95000675278536 83.01586080781982 85.15183086067685 85.16800154115842 85.18416855375489 86.41651103516206 86.44910097376336 88.13626385282755 90.34392194127804 90.38536838794334 90.4269115320784 90.46852299306724 92.07489762250898 92.1423984903836 92.20994114495439 92.27747946768086 92.34496734475525 93.50036379985653 93.54553331952073 93.59064040200292 95.71945994679848 95.73877411122247 95.75805109943832 95.77727772395711 99.24646352655503 99.33573409667304 100.64476038477416 102.93510765021453 103.01910515108173 103.10318066010188 103.18727674806281 103.80220891571383 103.92803200680147 105.73310389745163 106.02631446790298 106.1028174517584 106.17916571626613 108.08125012351726 108.10847136374665 109.10005652683971 109.67353739244919 109.66249950231035
82.77733233404328 82.84344051737509 82.90948564066667 82.9754226028775 83.04120641452083 85.15155720409109 85.16774879726972 86.40332315304157 86.43597483403704 88.11381977064592 88.22096542588183 88.32827465643838 90.4258182109773 90.46742847384388 92.06440216118666 92.13187195337812 92.1993858885024 92.26689786748824 93.42372237074395 93.46892295476181 93.51409908077301 93.55921986353512 95.70702426949444 95.7263399854134 95.74562135133674 95.76485517681398 99.216976133926 99.30627758492753 100.63647814322344 102.93084783166628 103.01490749800999 103.09904615399303 103.70290538028301 103.85365584138982 104.03076355964015 105.99834040495219 106.074967215443 106.15148052398938 106.22782808286736 107.93908873779371 108.12170615461564 108.14882122675647 109.66963691090436 109.67485213938913
81.75143025234013 81.82160538747256 81.89175930220718 81.96184406868525 82.03181181728289 85.13505183185674 85.15126433440429 86.3901121994836 86.42281823197513 88.0913568086564 88.19853394597331 88.30587969047095 88.4133207515241 90.46634284768126 92.05394250480954 92.12136581783872 92.18883561900373 92.25630583922778 93.39228022962543 93.43747000565682 93.48264242827034 93.52776661486992 95.69458873415572 95.71390158247357 95.73318291364811 95.7524195372857 99.18748750103126 99.27679936782884 100.62820581197016 102.9266276859781 103.01073030738083 103.60343898289199 103.77884113557612 103.95607336156885 104.13329424030968 106.04704353853528 106.12367425573706 106.20018045819059 106.2765099028136 107.97034338736366 108.1349275328555 108.16200514805368 109.66573205721744 109.67094549289229
81.4602823757725 81.77816825308304 81.8483715896848 81.91851565855833 81.98855254957552 84.13218158654934 85.30567697381636 85.3476061967678 86.40964012137712 86.44246098093046 88.17607448534898 88.28343230478514 88.39089043994147 88.49837546545584 91.2498384418308 91.52288815880128 91.67768493250192 91.83262254086759 93.95995778861489 94.03834602543957 94.1166628771471 94.19485478859185 93.5413476235223 95.70146745099188 95.72074433497433 95.73997935204031 99.15801790602424 99.2473197163702 102.83846210465593 102.92245011366715 103.32246053236537 104.45134463817317 104.659222489027 104.86723869225214 105.07525095374568 105.28311697448525 106.41839239623584 106.53592527308354 107.42011943826142 108.0015875287063 108.03490795850128 109.48222899185731 109.66182548703945 109.66703595084313
81.37182347223684 81.7346337910864 81.80487049009302 81.87505783147363 81.94514787554427 82.0150927819018 85.27530253978125 85.31729460602841 85.35934861600859 86.4293128557022 88.153602399003 89.26173545189663 89.35395335346769 89.44630155851019 91.25146775327534 91.32497484923998 91.60672643414541 93.8367930161345 93.91515743421235 93.99351422473701 94.07180976825286 94.14999052434013 94.22800309262989 95.20343541039146 95.2303162394679 95.72754316323008 95.74672001798464 99.21785889673438 102.90324276791243 104.0970746329728 104.304893186736 104.51257712999633 104.72052778911394 104.92860298781056 105.1366603920089 105.34455767209083 106.51286412138111 106.6303244790199 107.42929200562375 107.45956724042424 108.71586714599638 108.72522324251725 109.48140534742214 109.66312617532225
81.28337879482967 81.69103176171427 81.76128574073617 81.83150029503355 81.90162746633597 81.97161938888392 85.24487503434398 85.28692040360541 85.32903466784015 85.37118909378839 89.63095553584122 89.23244234531475 89.32463721201913 89.41696890049674 89.50937430396874 91.32651012762386 93.71385442755023 93.7921033436744 93.87040833812483 93.94871581423692 94.0269721863844 94.10512394108844 94.18311769800187 95.17539369392895 95.20226237036366 95.22909287818709 95.73428880106547 100.41577709173252 104.01648533730413 104.15875761485194 104.36608604991365 104.57380927504673 104.7817854074824 104.98987225399733 105.19792747292757 105.40580873643523 106.60727325580072 106.72463448306824 107.43838175038167 107.4686366990761 108.70586346964245 108.71524375040605 108.72459055878277 110.46485519162825
81.1950090329383 81.32219407643433 81.7176471706991 81.7878728596445 81.8580211068932 81.92804403228543 85.21441522598101 85.25650432150441 87.84262577071843 87.98718226678315 88.1317913860876 89.69891402304437 89.29537498589417 89.38766913461012 89.48004350953407 89.57243494221368 91.79501653722009 93.74751340392211 93.82574115458883 93.90398148191571 93.98218084630987 94.06028577343025 94.13824291512688 95.14739444818643 95.17424485774721 96.76595947770616 96.83060067063425 97.97294758309613 104.0436742174287 104.21994960399071 104.42728385419282 104.63499904428527 104.84295329753365 105.0510044361442 105.2590101432595 105.46682812519663 106.70155514228503 107.41707340585123 107.44738239319287 108.68637809192455 108.6958052030873 109.66352910614194 109.68624771436865 109.70900040596378
81.10677477138802 81.23392151405739 81.67398466682543 81.74420540451581 81.81435866198301 81.88439655563238 85.18394393869112 87.6251784014149 87.76970359557522 87.91439667927301 88.05915882870947 88.20389110989161 89.7669194771432 89.35842236408395 89.4507446901975 90.6889701732554 91.78042541124044 91.82266343467519 93.78118643986379 93.85934182995695 93.93746638919981 94.01550669455877 94.09340944223467 95.11945681061417 96.83126602705401 96.88103735103955 96.9307857270198 97.03291636488441 100.11547127762103 104.05232495835311 104.25189645666715 104.45174521777541 104.90398953889274 105.11195763813421 105.31986654060624 105.52757401913229 107.39567134846102 107.42601071189347 108.66679363721695 108.67625437527737 109.64223509503933 109.66496374621576 109.68774177821663 109.7105535925248
81.58690298415145 81.14581580687815 81.6303281396061 81.70052784355724 81.7706700421102 81.8407068592033 87.40771117510418 87.55204041381266 87.69665273203596 87.84144946876003 87.98633172907758 88.13120049675095 89.71461594667743 89.32924864225346 90.57626892361337 90.6545440764785 91.76588649527679 91.8080809150434 91.8502667081461 91.8924149560817 93.89285934769455 94.01290528909765 94.1237904641044 96.79604196583044 96.84584347994591 96.89565283302866 97.00557899314616 99.52395243417007 100.11550016498059 101.86466501850926 104.16690352506906 104.36676163462539 104.56678001140389 104.76682187605626 104.96675038068786 105.58800486984167 108.63765520701003 108.64713686108911 108.656617933397 109.62093561899329 109.64365418765523 109.66643744511035 109.68926980799945 109.7121356405917
