kriging.asc
NCOLS 250
NROWS 250
XLLCORNER 2.0
YLLCORNER 3.0
CELLSIZE 1.0
NODATA_VALUE -9999
[rows 0 to 19 of 250, columns 44 to 87 of 250]
75.64983015414919 76.24408561550851 76.67313450040237 77.29152243250056 77.90981661090889 78.92326157420975 79.45976906057024 80.0060015347872 80.56432443324044 81.40500790578064 82.28451520384137 82.82559654135899 83.36792845423267 83.91698386998542 84.45610892018476 84.99607512894264 85.5365039800194 86.05618092628194 86.54973597514581 87.07139295354742 87.5453100842995 88.08733862144416 88.59523177168765 89.18834309351766 89.80565482903407 90.44646871661622 91.11006391547095 91.79569815019947 92.5915710286456 93.33279511095355 94.0143668591935 94.80302582493982 95.95741832754845 96.61305261794416 97.24108519450044 97.84083515614134 98.4116685187497 98.95299919448098 97.500749536189 97.8903260040301 98.43640489752269 98.96863788027295 99.48668783293306 99.6615289718845
75.92182014324402 76.50278118983604 76.9618382354508 77.94826637169027 78.46230852051023 78.98032009510115 79.504702098732 80.03784702464765 80.58213297088102 81.40493099421326 82.18229819721269 82.70529871994955 83.24516360582516 83.78589344979653 84.32766868787981 84.86673420275753 85.40803044975256 85.86585047500667 86.37331428988838 86.79949374028755 87.31680538578064 87.75840803558415 88.32766575157694 88.91915701481166 89.52955411162091 90.16263574306774 90.81768576973285 91.4939677757911 92.26723436325835 92.99300981933473 93.68186098437542 94.45341063066724 95.45717143434047 96.11010921095385 96.73555047186778 97.3328159864551 97.90127337411172 98.44033808147992 98.94947427276998 97.96569412091489 98.51456348168409 99.04955477742092 99.5703290407594 100.06706233876233
76.1783514911649 76.74589606499671 77.53752158772937 78.04253667392952 78.54812266293177 79.05669005691865 79.57064809025503 80.09239881584219 80.62433120798408 81.42976431629813 82.01198685819112 82.62231762177585 83.15958588037734 83.69775363625655 84.23655753974178 84.77458065677013 85.29695080007843 85.82350378403198 86.23520021613479 86.62157530950472 87.02728237850206 87.56336803234427 88.12400061047744 88.70863116419217 89.30398443906762 89.92893147825698 90.57501931056717 91.24151773085447 91.92767859255568 92.70327646929397 93.39526656097965 94.18080586508961 94.69969981199324 95.37581330400792 96.03542021393082 96.67535385935957 97.29248165663665 97.88371178352361 98.44599976324537 98.29004336070048 98.586878616928 99.12451124364293 99.64329484918626 100.15332210064248
76.41917529200734 76.99164200888116 77.52838210319028 78.15227702610233 78.65113211166864 79.15197677722114 79.6572266753833 80.16929161210736 80.69056963823762 81.47887996497435 82.03727514746151 82.52602225122187 83.11136072654085 83.64683203189888 84.18294478907539 84.71978446943426 85.23176019727889 85.75459633642524 86.13558937855262 86.48773237431354 86.88794636201287 87.41702826075044 87.96953921669706 88.54493358896737 89.14264370282166 89.74590874374054 90.38262277345197 91.03891213771703 91.71152187556237 92.46466344650307 93.17779980254659 93.90960585360912 94.45309448640938 95.12907153519154 95.78879737892186 96.42910515736924 97.04686179738906 97.63897467644796 98.20239820876935 98.35120820257413 98.82393820067944 99.30712783567108 99.76858783572754 100.25580051617779
76.64406087869935 77.17957395911799 77.70815363031343 78.27704696970787 78.770906778242 79.2657613045721 79.76403079819478 80.26813100183487 80.78046723382974 81.30342849611651 82.08983914881284 82.4976372638635 83.04784322953762 83.63325137453869 84.16642850135285 84.68387875192094 85.20191786748092 85.72052744014516 85.91515301300007 86.3980014364077 86.7971127670368 87.31971816163716 87.86461901713261 88.43127268221761 89.01911603512349 89.6140635338932 90.24099803055461 90.88606553304497 91.54891514483266 92.2756722080046 92.97284730978691 93.68853915452875 94.26165549120884 94.93552418582468 95.59339243680009 96.23209518552218 96.84850084395384 97.59350379702676 97.88249205876954 98.37540210527098 98.88747936333743 99.22864325501374 99.83727338046543 100.21226434269093
76.84483021079265 77.36904262051269 77.89214140058226 78.41638757326471 78.9069956433044 79.39760130248482 79.89062757074899 80.38849430275624 80.8936122673794 81.40837724584478 82.16899087667102 82.50895043348002 83.06644090352752 83.657089700403 84.18516567639563 84.69432349158492 85.20760745643342 85.72148290947449 85.87462538163814 86.26005350880416 86.75504899463314 87.27171162677413 87.8095211232692 88.36793750179294 88.94640188560844 89.570801358474 90.15204583089164 90.78566123300863 91.4365824442648 92.13758234673739 92.81850599810336 93.5178722155147 94.12405147773339 94.79383714371984 95.44786867913274 96.08298480788957 96.80175991007081 97.41438603057867 97.73958742202757 98.28027499336633 98.8019910359397 99.33892063190119 99.80704102517316 100.28409962891922
77.03674506716598 77.55932800079779 78.07963381127263 78.5698223868547 79.05892769690615 79.54703197557596 80.03655918120674 80.52993145233833 81.02956318393174 81.53785512156055 82.27399647816092 82.56001045688159 83.12468281926459 83.71838017606254 84.24159413476343 84.74093939583906 85.24897019986747 85.75760676426962 85.87771969674039 86.27121141189164 86.76196716022312 87.27322644851478 87.80446975110124 88.35515943049022 88.97050969102175 89.54751109744639 90.14243203106454 90.73632513487217 91.37485769883124 92.05056810380358 92.71497384139997 93.39781422044668 94.09877679539962 94.7026041281311 95.4134210926008 96.05563141417667 96.69153527488692 97.31000834322214 97.67263275359286 98.21957461658874 98.74985779965486 99.29365903349085 99.80852752369792 100.29973333089785
77.22669358700072 77.73664909507157 78.24827175273073 78.7465804831181 79.24973263895255 79.7521025478518 80.20134384477879 80.6919659456691 81.18784952605431 81.69139847504154 82.20499850605378 82.65081970184212 83.22256661396008 83.80275109252948 84.33506936046886 84.82382152562298 85.32610459517203 85.82900089914716 85.92431934321267 86.33095020176313 86.8180236403071 87.32442385896533 87.84963175075876 88.45803592975034 89.00812061005357 89.57475318949118 90.1580253911323 90.73832475738772 91.36401665456765 92.01489023624205 92.66239103991202 93.34203891812558 94.00527404453678 94.6692489938224 95.31304723182947 95.94089675504578 96.55038017486666 96.96960782548257 97.49843649582374 98.19273830823812 98.73050844202042 99.2814236717975 99.84008901414035 100.34378186195293
77.40413002296971 77.91561163381387 78.42611655548654 78.91936386588624 79.42133697120302 79.92251956210555 80.42382157628427 80.92615495513182 81.43043116563557 81.86851326732537 82.37810528560283 82.77999891878389 83.36004360871144 83.95379442813102 84.46553565259292 84.94302134505534 85.43906614302414 85.93572482144992 86.01425891705156 86.43936690364433 86.92331870839851 87.4254081584909 87.94511622700273 88.55394146630135 89.09535131961415 89.65200682553743 90.2240064909425 90.79186833601159 91.34288630567599 92.02245876821569 92.70964686043874 93.37997925014119 94.00893148382725 94.66285232378169 95.30114156971636 95.92570184489026 96.42683845768079 96.97514669387178 97.50504669460315 98.01716791303824 98.51216305300946 98.88084391910702 100.4931591303303 100.4336468946492
77.57376237866866 77.92629318492396 78.37419830622235 79.09489789259075 79.59844776183188 80.10120327688365 80.60407036157793 81.10795692204148 81.6137703765374 82.1224151859995 82.57598807613235 82.95462599341354 83.53701884297367 84.13235204192715 84.63289261470021 85.09854653827054 85.58786715955794 86.07779545865291 86.14732456764895 86.59650301393611 87.07789626099577 87.57622643603878 88.17913694772889 88.69846872008603 89.23161567333662 89.77869186830722 90.33980221368162 90.80291898241575 91.47442368981515 92.14098191284356 92.81622448278719 93.42357085935029 94.06439630382292 94.70700938142053 95.34428025930332 95.96483406779231 96.48209953606039 97.02931019568445 97.56041945377495 98.2951762369994 98.82474023628313 99.20462008379866 99.69681078035487 100.53247509701525
77.73048114556241 78.25233669141284 78.46802156314466 78.95262169689904 79.78254469062176 80.27980258235272 80.77711981614797 81.27686931332167 81.78141904734571 82.29312623522924 82.73602897330913 83.29589291528629 83.75768715505959 84.34838881105611 84.83699528213944 85.29036089815202 85.7724766593382 86.05822035080952 86.32325441652998 86.80234431843527 87.28174363284279 87.8776884160291 88.378150872346 88.890969780112 89.41627010055676 89.66861783150739 90.32410982319118 90.98796531714277 91.63464137660024 92.31263459046795 92.97473432793012 93.53787412852938 94.17169599874435 94.8031802768285 95.43057010590127 96.01990953940715 96.58056834571985 97.12682851008655 97.80077994550501 98.3634049632291 98.9145495707951 99.4178633630997 99.94519707405142 100.48062266100145
77.87324098270878 78.32936412079627 78.89689209712549 79.12303674444763 79.57415629456791 80.03652234190075 80.98358581688775 81.48884138089399 81.99849093672047 82.51488506286677 82.95307224306931 83.52152193008814 84.10121810774419 84.67153448712894 85.27595754962067 85.51838428735995 85.99282030972827 86.27373913972133 86.54173905210988 87.05682080042685 87.534791503818 88.12827494586853 88.62400365281759 89.13074133295027 89.26766963775034 89.90557906058075 90.55577144003436 91.21549277220046 91.86767640896963 92.53146924511192 93.08155947082821 93.7025098073116 94.32413980189482 94.94469617885022 95.58240572213525 96.15777406977821 96.77919548207137 97.36265490492421 97.9374510983669 98.50289661311092 99.05823574093918 99.57086173696462 100.10455595161154 100.65538081113195
77.94631618107097 78.44395312333812 79.00336021840258 79.26187019744596 79.71773510560318 80.18695687806576 80.67458179178257 81.69887469257017 82.21528453986073 82.73802850447994 83.17780851951588 83.7561736875214 84.34610593196841 84.92019255769472 85.83447372692999 86.04700909063253 86.20816280845365 86.62631526179916 87.08726036611235 87.3830962715966 87.85863267376422 87.87017998635022 88.42696051738646 88.92368233757114 89.51427326850843 90.15806023096408 90.81273574637486 91.46835929236207 92.13000719069096 92.71815843118799 93.30057233436705 93.90977980130901 94.58767135672295 95.1777801985989 95.76012182343051 96.31536747378985 96.94712858650452 97.52936738916526 98.1044657236254 98.67156659165127 99.22974310227129 99.75006964023484 100.28840952268433 100.84852176370738
78.01930274778982 78.54215495886854 79.09088357977473 79.62550182298884 79.85684522198494 80.33445485747107 80.8325720437951 81.35619918554755 82.42581741095142 82.82584128330002 83.40391450513401 83.99351722997989 84.60849032096988 85.18827745350976 85.76162872857189 86.32425753162035 88.47374902178245 87.33116598164742 87.29665561650754 87.40020491561464 87.64108006914293 88.19708743837074 88.75162480495793 89.06440718748826 89.7229844536597 90.39749256063652 91.10638467142451 91.80383933701624 92.42885903743326 92.99476373613984 93.55133369722802 94.22178131774615 94.85164500090639 95.42383816374884 95.9585428048992 96.50808905651607 97.11332940432335 97.72153372567553 98.29617088810315 98.86397103969675 99.42383672984086 99.97460110229353 100.49205445087469 101.05604636552737
78.09332893300886 78.60079750302305 79.15942890334927 79.69580887575403 80.23908105900901 80.47403218614778 80.98415592054329 81.5218802997899 82.45598852188058 83.0347790631082 83.62507169545431 84.26650694984441 84.84863708792254 85.44547785067161 86.0048997051619 87.80278761756988 88.63792464232084 89.38486223371143 90.02785691398375 87.61718282741057 87.98390443492366 88.51571267827762 88.76770517589648 89.40457665274045 90.06287345529995 90.73352083824099 91.38391385042422 92.14041374569254 92.88650039303656 93.3131328198792 93.89735931372297 94.52006969962395 95.09165896821627 95.65371456483552 96.18283454659401 96.7830658408955 97.3270638127039 97.92095820750357 98.51394406663762 99.07495682519081 99.63557434727812 100.18771788732732 100.71102748207932 101.27424315727598
78.13385274956086 78.64575010584443 79.20898982514872 79.74765293386426 80.29402382159128 80.84693391484338 81.40520395973289 81.67766129521809 82.47733899555213 83.31553390136303 83.89734080175012 84.48490329903865 85.07835429491368 85.67335251540497 86.25849538823724 86.90808273925508 88.82873667421373 89.50448667939423 88.33366130685167 88.81837939938296 88.75665295575608 88.33292385172092 88.96555673214931 89.49185299785199 90.20185479502635 90.92700085727301 91.80867630872038 92.46667439635789 93.1487892331771 93.62181285249997 94.22318562972323 94.78858691961037 95.34667943716138 95.83362972584881 96.42170415601 97.0134485802933 97.60610017643295 98.19689688455665 98.73268498918976 99.31143825621146 99.8603188272966 100.41292556286481 100.94111668986247 101.5315364220004
78.15976950241671 78.67276813421964 79.19549387817804 79.7810530852284 80.33104368035161 80.8883883845636 81.45190513358915 82.01459552443379 82.78625751549919 83.41693622471745 84.08480023394844 84.6851510490431 85.26555200826735 85.95445409421923 86.52935437392489 87.14655779283628 88.9848378663579 88.52005672987269 88.57368365563794 89.063371351126 88.74860984911106 88.70138996035303 89.16289377201963 89.8493354208224 90.55887614308654 91.5230822104061 92.1832642682042 92.8375310456978 93.5096750204367 94.10687953795875 94.51892662523963 95.06748728017936 95.52208567479234 96.09139818236433 96.66916405089968 97.252403513581 97.83812894658193 98.42335101444893 99.00508479195649 99.54289834794275 100.10641143827566 100.66467851522171 101.17798479054976 101.74956676033483
78.16756601399392 78.68234929735948 79.20740050093795 79.74202622382892 80.35018291516678 80.91248070512417 81.47528122450166 82.03006894603962 82.61138868510713 83.2000208034395 83.80625864649608 84.86092925850119 85.45893114994811 86.18999422252467 86.73987251424909 87.36796007295553 88.1472754867224 88.75348516286573 88.81025554377085 88.57050689679562 89.02186558938436 88.394415033281 89.52800461899903 90.21554366523321 91.24718164808519 91.90849547581865 92.5671225194501 93.08326674708272 93.8759792337008 94.29784121060246 94.86475281166787 95.35184412875759 95.79529764558345 96.35232671416587 96.91988713516233 97.49477783033335 98.07378674199518 98.65369761130452 99.23129647681222 99.80337867876904 100.34596770899651 100.89316467097235 101.4263370265978 101.95021118550994
78.15776559002622 78.6750146196467 79.20307359183067 79.74124762721107 80.27867903691197 80.83420226457093 81.48680802965288 82.05378003045975 82.64403206132316 83.24254681563372 83.86026087197584 84.3821211168175 85.07320930971939 85.75702906705753 86.2374619947911 86.83294446865398 87.52882993954668 88.26388411602099 88.86109720847182 88.78049025916154 89.09332370280652 89.62728332139329 90.31885399523304 90.97375747080798 91.63519685625761 92.29715362732719 92.95360119492477 93.43498128040821 94.15502376431715 94.60251487796725 95.15184529624418 95.4694052596392 96.01470982896484 96.57944813008746 97.15039858862004 97.72516700154932 98.30141173036847 98.8768484076269 99.44925448079464 100.02720072757377 100.59728429963008 101.14209548327868 101.66741730752594 102.18960395182603
77.91103880377086 78.49245992541108 79.18305249738918 79.7199812399919 80.27140387881906 80.83235681770316 81.41289075883772 82.06131002796457 82.66107872506998 83.27005874701493 83.84089135086512 84.46375312848653 85.1406625902138 85.83355058156894 86.54190474758795 87.04856713868784 87.67768477926828 88.42570861309972 89.03778434829518 89.63965248070014 89.34107476267829 89.57275025741515 90.13678587844457 91.35617720371346 92.02047101932351 92.6824443564609 93.33607865390815 93.78462421813458 94.25811187789836 94.65331382938027 95.21543094737953 95.81918806343373 96.26554191351477 96.82250191165026 97.38716812864357 97.95702330751158 98.52960057802434 99.10248855079236 99.6733360764989 100.23985698795488 100.82478310980207 101.37047804911816 101.90059317145158 97.083336
