kriging.asc
NCOLS 250
NROWS 250
XLLCORNER 2.0
YLLCORNER 3.0
CELLSIZE 1.0
NODATA_VALUE -9999
[rows 180 to 199 of 250, columns 132 to 175 of 250]
93.57624499571608 93.02756552424992 92.9563360374353 92.75233160731042 92.47340048207519 92.22311132670315 91.99367496145351 91.78193491974525 91.55742129191515 91.30901519959411 91.05710739345598 90.72671705824526 90.40745115030501 89.9854006984702 89.7304116454459 89.41715739673852 89.15259885209868 88.8868743614576 88.6581408909446 88.83846533468002 87.50247977970568 86.90127603394649 86.32479692164917 85.9598711251599 85.70252373208098 85.25736307334944 84.77403696885477 84.23342118185509 83.4370976026881 82.92716936630815 82.30906177076581 81.58300571972002 80.68698462505931 79.79446630096295 78.82132483082853 77.79254224762397 76.69689050866663 75.56504737765854 74.40167039848774 73.2181372315098 72.10227179900966 71.13528291462757 70.00582043431211 68.84543063976359
92.56554463620154 92.46145269100762 92.09271786265046 91.70888460039215 91.69322813562357 91.44521288563539 91.2093410352675 90.97525880219848 90.80494903478257 90.5532646018089 90.24527647671123 89.95222321948391 89.60606257777172 89.29254732304426 89.09819462300382 88.86123758579618 88.65592599818815 88.55143518507519 88.13933468852093 87.36395983749894 87.14386096238596 86.61519730511608 85.90903611517604 85.51976791861323 85.26877972876011 84.70953135232021 84.45062046457477 83.87186139044567 83.23028874599491 82.76596160115868 82.16571796225767 81.42253582585133 80.59123075504762 79.65498890493585 78.73695151001819 77.75071217207106 76.67566992944273 75.57447398110077 74.4389175036726 73.27887589897112 72.16437909022994 71.23368933924174 70.10998522998885 68.99843231933438
91.60148580323559 92.20086244876495 91.8194359080617 91.0577017116788 90.7727182607818 90.6292144662485 90.45750953081597 90.17829508733077 89.92007790396154 89.68221325652209 89.41071444638457 89.04612493368366 88.77510055731149 88.52542217737611 88.4423782660729 88.27849776183622 88.16729780581726 88.09012289860546 87.33279894913731 86.79257893724434 86.84053902567103 86.04996549857802 85.39954600779627 85.04845330129656 84.66807145684442 84.38469162824029 84.11872337038356 83.58204079068955 83.0081522768885 82.54047624997563 81.95222038383501 81.2539374842556 80.25664024030648 79.48708792385337 78.61993779225648 77.63767925821264 76.61689634349777 75.55164144123101 74.46220857757513 73.33500789357954 72.2836409475908 71.33356245073671 70.22106797924324 69.11743284949272
90.64839325066754 91.41254496485288 91.03627371343305 90.28789704289544 89.79087319957006 89.8346191892224 89.64565449738012 89.42545541272735 89.17126564559752 88.88459408322508 88.581212367869 88.32629882682895 87.91680832349472 87.67553071846662 87.66911611841182 87.54631773959608 87.43807631766352 87.37425477883306 86.62439708297188 86.2769347747417 86.2061424729306 85.56439092784373 85.02957073017717 84.83625565282837 84.11730112982659 84.19960356986606 83.74136162752467 83.1551260463797 82.74934478461243 82.28917815878664 81.7037669166646 81.01373393877506 80.0243985625785 79.27792511264705 78.40584774064443 77.50270284361682 76.52784399107534 75.50837881556603 74.45052915292453 73.36137878110509 72.3309231245679 71.2672731170261 70.32719015981182 69.23570985395705
90.35813641286876 90.26797544980847 90.23434350223272 89.85346457283839 88.90759940083854 88.82521984128987 88.80155922631974 88.55230484101024 88.27104830848126 87.96275031217164 87.43591884238403 87.27809046454078 87.0607323497836 86.93280015775959 86.82088768912251 86.7380149659304 87.58689666848441 86.57090823430958 86.52921317697817 85.54393596388395 85.31803084003037 84.99197214545671 84.681456323394 83.89601624462685 83.67909343834948 83.7278180825184 83.30626247857502 82.81855720883438 82.41638384598615 81.92311037985564 81.38679192583213 80.7057512084881 79.889907927069 79.0457802979058 78.1651148245207 77.23763428508028 76.4012126107684 75.43424306476443 74.42781928965896 73.38752296955869 72.39154887507783 71.33368219632759 70.41655966314252 69.34150639155241
89.59022029636986 89.25940583739285 88.99723481227294 89.0321571435349 88.65035069509705 87.9014552297468 87.74641912948522 87.63789550235315 87.32571450525346 86.73852478468963 86.50597237057156 86.14345389429874 86.11194885322536 86.05825471607834 85.9579198527923 85.96627191278809 85.62984695325741 86.03428039769626 85.99053459031792 84.93075308564997 84.66824914152454 84.43138979206164 84.10694213865705 84.15031512468786 83.43639637643716 83.19749727085087 82.81293677551419 82.40946034525945 82.01155242808771 81.51753260900492 81.0031063526323 80.28225946787433 79.53064694501049 78.70572565189936 77.87939863731475 77.0132771389263 76.11296427727326 75.32804875676013 74.37954131864329 73.39514721752923 72.43372653933315 71.42206844716146 70.35279259159022 69.32936147170217
88.67952428464201 88.39274822842823 88.17116007235526 87.93555989121546 87.43772988615646 87.09845915626592 86.74923251120849 86.68460581277637 86.34013719654186 85.76281219879155 85.54100984447386 85.29353640510013 85.13070701284454 85.11786018295247 85.24872292012361 85.23621037893943 85.10157996535787 85.13482401911551 84.96950636791857 84.56106947419589 83.8862984574277 83.62357890508775 82.87994057064085 82.72388370605138 82.961705604763 82.64922982642943 82.29082888118592 81.88297137428424 81.50758672581718 81.01062314854005 80.47407168162202 79.83574242419064 79.12789372071697 78.31466469691868 77.55413984982029 76.76062587924486 75.93743943910933 75.19070294780873 74.3058167517395 73.38358981820237 72.45559820393942 71.49644766027626 70.44937071763849 69.43477151823447
87.73116361892343 87.54090895954968 87.31223271977159 87.06930176961481 86.83102966332308 86.20720626904395 85.69991487362182 85.91432935314043 85.39175493928661 85.08976596730159 84.90589430646415 84.61211695702563 84.48020390007213 84.05877774418933 84.22598059524732 84.21234172442468 84.20292466678377 84.16917877169429 84.15523037892783 83.87634483860124 83.17528159772944 83.16243664082805 82.84193552144828 82.66050888871459 82.34086451189764 82.09958807584927 81.74167725860272 81.36008140447294 80.94200278486947 80.48279718771221 79.42765949993887 78.91701469140595 78.68164988208616 77.87986273579757 77.19635792143873 76.4864456578109 75.7511537516129 75.02519506141778 74.20884422502888 73.35425905454628 72.45755977724333 71.55637415806503 70.54969203497373 69.56371360103262
87.11282946086587 86.70354271392159 86.39284046128634 86.20245338116912 85.94588397726369 85.69230932066263 85.39181146112797 85.37035187626151 85.62514902477521 84.30141561342323 86.22202926887994 84.82521347745941 83.0603757306005 83.19704035795459 83.25632378257036 83.3002360471053 82.89390553009119 82.47492798924345 81.53561439654995 82.58391063952617 82.4480558606621 82.4558392819668 82.15913671524287 82.07588159528875 81.79164568643134 81.46478806132149 81.14675968850055 80.80811025340871 80.42311831949645 80.00550786812747 79.60090571177842 78.26163343119845 78.05198748186807 77.61909594080078 76.81462557403863 76.19904602798084 75.56214656609211 74.90200904857437 74.0928860513378 73.31062208658231 72.49018457461459 71.6036396850363 70.66047803659313 69.70481231054897
86.07185177701146 86.01218591103918 85.55661531017086 85.39148187808587 85.20055510659677 84.87587591798221 84.44790541835488 84.05450380190518 85.79423821371029 85.93172944813756 85.93908247213932 84.7711763216118 83.71308826704147 83.23507231607462 83.66769687009511 83.14504195817219 82.65107872831064 82.19654343691334 82.38310671780364 81.76672013221213 81.87466265085982 81.73902288013875 81.54826211838176 81.34649666074888 81.06705757104355 80.82669573475657 80.55732109582229 80.25001339655658 79.85903057739232 79.46979785966201 79.13888649581617 78.65758187214888 78.26636701023193 77.66614824136954 76.51601431616658 76.18403208094297 75.37995438120211 74.82994488999869 73.96424652053736 73.2581855694909 72.51266072480388 71.64225782241381 71.25626511052272 69.9369549096251
84.81392985946569 84.87173506062913 84.78894263070359 84.35875120467813 84.19101248724326 84.001944072269 83.53370078917057 83.00179408811758 84.85519069426601 81.8473141301397 84.62364954006873 82.81402955893358 83.22264026170883 82.67256266191339 83.55481044218241 83.02045976335623 82.50295619245699 82.01458511769584 81.44431341039135 81.16523691116305 81.10059262238467 80.92852836307138 80.75148144969542 80.5114983603261 80.36458010039611 80.11064168868366 79.96079337910686 79.68833326785874 79.3728096113941 78.92116869967454 78.65521718098327 78.20959838526916 77.72068420406053 77.22844999522916 76.63297583746922 76.07494680499566 75.29028640874023 74.35610006517058 73.40914745828914 72.45534932743666 71.45856972351339 71.1604501957483 70.51812295228521 69.50128464459152
83.60312796079094 83.52109818456123 83.40612249026586 83.46821094744502 83.36679116477359 82.97472559731119 82.6385060957565 82.6229074045159 82.44708148070832 81.51086722558146 81.23813101023819 80.86675327943192 80.89523807310944 81.37483986312851 82.00525049178626 82.95695105249123 82.4228082638848 80.61559741972947 80.5171168070532 80.33234053310862 80.26160704565646 80.08505434109361 79.95794480497334 79.80637536090445 79.64153303390266 79.70111309578519 79.34023529718425 79.10243743986364 78.82312650644269 78.46565784278489 78.14709855274535 77.73467591922689 77.28809037395918 76.81701691615105 76.28273383732348 75.68115756983525 74.95936684657575 74.12432392076772 73.01744137512753 72.04882385119282 70.78701239429148 71.29864802342004 70.42143355757598 69.502665175258
82.34984455142295 82.27323721417255 82.20816122108104 82.10474078971158 81.97916515205861 81.83851624443028 82.30584409726666 82.25573258936777 81.91737347794276 81.87225064234511 81.25721852256967 81.15821888180436 81.0639982469614 81.09915175173255 81.18226023885242 80.98223542883258 79.88255148685298 79.78940141877024 79.76250320749455 79.65692684493439 79.4726094656688 79.34899067060525 79.23377110149363 79.12086870620418 79.00279223655906 79.06894393574616 78.63436425318501 78.49863439525141 78.24932576499361 77.94604874562789 77.61935070414546 77.24360710804037 76.82797043021284 76.37021923426633 75.87093700288526 75.30282491687095 74.69645706260837 73.77718127466973 72.82034489146942 72.46673090740607 71.95844882312899 71.23639363615993 70.40395816856544 69.07642311018394
81.07560929148225 81.142648884269 81.07451254161523 81.0124411462354 80.93173276522707 80.7927698376026 80.72354054624721 81.5611041597084 80.42357507926053 80.92255702136444 80.41062805355328 80.34206648483186 80.2150744012571 79.42486555955718 79.38643117664162 79.20278386066306 78.9584106135269 79.19641280345984 79.09151796401635 78.73205688165145 78.729776079544 78.75668717683831 78.52678565264587 78.42678725618767 78.49349638775752 78.44579815748294 77.9746873702971 77.79302050312656 77.6603871360485 77.35885778732028 77.05176059098054 76.73103587460055 76.34191485322715 75.94089057763932 75.46937827783621 74.94694750723092 74.37840809336394 73.7751909016752 73.0943086421275 72.24601847133798 71.80881003960953 70.62131545094547 69.92551049871695 68.96770052224609
79.77722935860268 79.92584095229694 79.91545710353772 79.85366773820675 79.80902301668198 79.79480960528682 79.46072096152014 79.57988500502151 79.48472770488792 79.4228459463931 79.29503651445879 79.1799864214672 79.06114213282 78.77406189485657 78.40405698111886 78.34947680235388 78.48302894312198 78.36931140944533 77.91822144796288 77.82964542909174 77.93404432726325 77.785186148381 77.68771681614732 77.58756121606193 77.5859924101655 77.80033616138054 77.74367574539744 77.14429296568161 76.95810734250769 76.73764415359001 76.47237579708484 76.1728098432485 75.84790895775647 75.47287761206708 75.07681624158073 74.6487366899583 74.19629540634247 73.74112406471981 72.74867332829305 71.98971210719823 71.33354608815442 70.60923456602556 69.79285636109195 69.01522662795782
78.86509274804311 78.80258253635243 78.7188838059504 78.7320548287 78.73584498343257 78.72523711703512 78.680245749582 78.6136553866438 78.49798223321662 78.4156181980976 78.29345422391435 78.308376164629 78.21296191009131 77.79623699540912 77.77190506754135 77.65453960552236 77.69045861405768 77.60093179731845 77.11538706417 77.03014517702033 76.99313361736887 77.0130702839176 76.93001200897244 76.85631076505902 76.84312911922993 76.74103679243657 76.62101525375829 76.53307244606393 76.32098156436575 76.11132069867966 75.87591046337957 75.615124576629 75.32936348825699 75.02382329140256 74.69488451931586 74.27545573272556 73.57067153108237 73.02498741767492 72.36108843783292 71.80874426386464 71.09542121988875 70.42249058029427 69.64463123633053 69.50946934065828
77.73261572813503 77.86486182471869 77.87298639390542 77.89596947780525 77.75512157019098 77.61441743432334 77.68119578651995 77.84153899091315 77.50749880143098 77.4064532166802 77.3565346930254 77.27555585628187 77.2744011760288 76.99050927177062 76.92291117264192 76.85389211909927 76.78819710668401 76.35964334885341 76.33115994839693 76.40352183890037 76.21910854276847 76.3204138006272 76.19512638850028 76.11890432504441 76.0307478754265 75.98354859429801 75.8299442431672 75.73034868169378 75.71504732750844 75.53533253539405 75.3295029436138 75.09410289783094 74.827881615432 74.51434194739723 74.22693829046919 73.91605287634346 73.09564064169462 72.610756611744 72.03319219765069 71.51091460185214 70.89705282525287 70.13043371963124 70.23731739051578 69.84687311948376
76.67756850267881 76.78622180183508 76.89048470708761 76.85045997106096 76.7693990633183 76.94363521949913 76.6303552347903 76.73855547871153 76.52916489815766 76.4421098141378 76.8560375067747 76.35059682138439 76.24428095845622 76.12462219875825 76.07062610301394 76.01726062839023 75.91530912074757 75.84269754218602 75.89817119124903 75.62723024708316 75.66360130082077 75.56398466226892 75.47725159923525 75.4159233763063 75.3470738856364 75.26951398977998 75.18151264776589 75.04952571248128 74.92039690261086 74.74780106787732 74.7214187949495 74.51392078203543 74.27994859448708 74.02210410694354 73.74409364597554 73.52369369630462 73.2401159156609 72.22244728287501 71.78847091723647 71.24513217766423 70.67442042079078 70.54185622134149 70.00161948175162 69.36943288582357
75.74507112593986 75.85580081689544 75.96747352233652 76.05764775527643 75.67382349788782 76.03752351618276 75.83557913156712 75.82829764903005 75.55846654305753 75.69942127723485 75.83424858230298 75.43228927929468 75.35468816298193 75.25454469134556 75.21358379515047 75.1699230110436 74.9244954256676 75.01677011651716 75.0682451665308 74.98501721620498 74.93203577938189 74.868006242642 74.80639276632861 74.74201870554995 74.7742860774265 74.75250327883012 74.72112957195598 74.67728863439991 74.52508295295031 74.42180004358117 73.96166609625666 74.0179951928204 73.7505349586126 73.49890951184543 73.3152569068693 73.10393328393542 72.81652489224125 71.8687755570169 71.6421845335929 71.07328268101622 70.55418495221502 70.23383280139373 69.72837922397277 69.12555075066965
74.77352957459419 74.8839630330941 75.00169148872675 75.10644337089883 75.02330691630478 75.23110562304728 74.83691574573655 74.69693737420641 74.68419120672102 74.75696545835277 74.77413880486174 74.68702691225212 74.46483106956262 74.42579461569888 74.35114760882642 74.31636687718708 74.13860653074175 74.12652875986731 74.25252493369463 74.21176324886241 74.14017230238156 74.06487896834535 74.01696112279821 73.99537218564527 73.97926132711173 73.8344438093735 73.78296031993263 73.7244389788133 73.65531406950524 73.57446420115465 73.47942768214472 73.37010434732731 73.198959394603 72.87683120014636 72.67506150632047 72.45337157433231 72.11806072624843 71.61986368669572 71.21132061645724 70.76159492162768 70.17485597807294 69.66750691308768 69.38408296984737 68.86156613388269
