kriging.asc
NCOLS 250
NROWS 250
XLLCORNER 2.0
YLLCORNER 3.0
CELLSIZE 1.0
NODATA_VALUE -9999
[rows 0 to 19 of 250, columns 132 to 175 of 250]
109.9827333939536 109.87082870993598 109.87196144904438 109.88515467363047 109.92186464953456 109.95649972128605 109.93573735430583 110.10269587718568 110.14808767396478 110.16867930175917 110.44008927013829 110.0 110.0 110.0 109.97645758807882 109.90398920406976 109.84554047919661 109.86074600720244 109.86238810896357 109.8851745977073 109.93345436593229 110.02929062626592 110.1049436933632 110.17770645457685 109.43385032093106 109.22294561561583 108.98191165682033 108.71106026574432 108.41074317592006 109.65958359829227 109.60068238428784 108.95920750115751 104.98987926718607 104.51545228723319 104.03222220138963 103.2892011750117 102.85320259168427 105.14872584679324 107.72961270512178 107.05568915855807 106.37899910161133 105.7000037010998 105.01916659370593 104.33695335839789
110.06975445664284 110.02970012615549 109.98880626284564 109.97329338602484 109.94655451844784 109.95535833035171 109.91241467535218 110.10864389168111 110.11814003356962 110.1049670095485 110.40551796174168 110.2806732615602 110.0 110.0 109.79957615838775 109.72794286081862 109.67133917100233 109.71376052380873 109.7229297061222 109.75630372974635 109.81821759734174 109.9491282618061 110.02970156842706 110.10551026104486 110.16905657902795 109.30751422153014 109.07656571765374 108.81570954972199 108.52529085457459 108.20569420613086 109.52741448199906 109.0129992822176 105.3856330434825 104.92603180511557 104.45746140160284 103.80771187673872 103.37058223271814 108.18286383266886 107.51044809609121 106.83485378377395 106.1565402075355 105.47596964261501 104.79360680266998 104.10991831096979
111.0 110.22936993919552 110.1499870449835 110.15765408995486 110.07491258802088 110.06496702371777 110.00495660076236 110.21568342569843 110.19437987275707 110.15235095244002 110.49313316045334 110.34241117993861 110.17110797800024 110.0 110.0 109.65953268893328 109.60355163626495 109.57267971859598 109.6744095964634 109.71671044141047 109.95146957434962 109.93813132711273 110.02022664835503 110.0956759235223 110.15697303054527 109.41917532059347 109.19832145357049 109.32138722140999 109.18052505712073 109.03946894996832 110.0176359680537 106.49158926918533 108.84330556858467 108.47565778888995 108.0640417000933 104.32675765346642 106.97397770140864 107.96339629142491 107.2894147055398 106.6123015110056 105.93251705499466 105.25052461714812 104.56678988343003 103.88178041621399
111.5 110.51714786116452 110.41897407563135 110.36378928593695 110.29068145588008 110.53748327895659 110.20704432756222 110.41074777364364 110.36384982750053 110.29800457689687 110.6051879798369 110.4278479372013 110.23535649921149 110.1187883122434 109.8998244258541 109.66669248773643 109.64272145920562 109.61221156066621 109.6168388183093 109.97398239265539 110.01091639937746 109.99680985704268 110.0770220368428 110.14870079860614 110.27316728442648 109.6969389257778 109.56849898850894 109.43319092228197 109.29405098460681 109.15410513143095 109.89802445194533 107.05825737393258 106.64127859932756 108.58912911075886 108.19443424011422 107.44413051619247 107.2433192511827 107.49240098198055 107.0666637384718 106.38818458626739 105.70708289818054 105.02382285354658 104.33887100530211 103.65269574908292
111.25 110.91244506835938 110.77246277050514 110.67269509926494 110.61101125040977 110.52832083204157 110.5006965520892 110.63264768236525 110.56745950037057 110.48821184213688 110.39245392264647 110.28391695758125 110.16639967425013 110.04482229568617 109.92795027423811 109.82738600847684 109.74201525837206 109.7578645044997 109.76253935317284 110.07722875114023 110.04779590632639 110.12559202047147 110.20051364013585 110.2674411681835 110.34646072836577 110.4164845378098 109.69041013785616 109.5553417940616 109.41582769215314 109.27489778511949 109.30780259035016 107.57632263953732 107.19978597205053 108.69599855129773 108.06695402305716 107.64163818531014 107.38260433995016 107.30898913792811 106.66555451245398 106.16265667557306 105.48039230712712 104.79601979184115 104.11000644369464 103.42282138517257
111.55823516845703 111.37005615234375 111.18872075644842 111.078516820685 111.07229614257812 110.90209109822229 110.86675555324327 110.97245512055605 110.89385105971036 110.80210715390217 110.69563165186317 110.57801207288709 110.45323264765824 110.32692687822994 110.2052624975756 110.08435071782395 110.00384450024598 109.97034099977851 109.99884693967857 110.23464240925603 110.25382570586915 110.28062149440481 110.34639575686782 110.41010349589789 110.46706625091005 110.51264333123393 109.82191794635628 109.68498944736761 109.54300368010922 109.39899535450925 109.35093248027849 108.04503319392394 107.70894660674719 108.79615315877972 108.24034687372706 107.9632912475183 107.50143653520121 107.12794029969345 106.47921330399893 105.8248697939488 105.16534062535035 104.5672719056299 103.88035340153795 103.21902728447742
111.86045987839411 111.71129399045331 111.63838189033223 112.20339872301787 112.20456833019995 111.343571288671 111.29925425481407 111.37023128702204 111.2835648105748 111.18432773112363 111.07185436289483 110.9495350215852 110.82153513198755 110.69366722415424 110.57074573126172 110.43056939014329 110.36188012558063 110.34367987675115 110.40175390046232 110.39186647621858 110.4782723600382 110.52124189014651 110.56441936793364 110.60311163594912 110.63265598129995 110.6484307451418 109.9601522159557 109.81926442331867 109.67271128361622 109.52353302014899 109.39200250743701 108.46369209496902 108.1680359714297 108.88948036619962 108.38938746419157 108.06516620722408 107.59971267127969 106.94939325115857 106.29551224346461 105.63605337619818 104.97145099995203 104.30214613006683 103.69177680920342 102.99530099981646
112.20819985645187 111.6012028090866 111.05898657301496 112.02061285910004 112.54557295804668 111.89303347160887 111.84963171150876 111.75468693630737 111.72497813543322 111.62272844389224 111.50890844279566 111.3862060735828 111.25896352716397 111.13316806196987 111.01208369858522 110.85557790873455 110.80289070754132 110.80412948515014 110.80624671782715 110.84270738959947 110.93189859964573 110.82049119754743 110.83572917154892 110.84406197835361 110.84084737804 110.82148744894731 110.10222723901411 109.9376022142911 109.82412484372492 109.79623994372423 109.50048260724218 109.43983437651941 109.288501552174 109.29341009399623 108.95714524722833 108.1462853206586 107.42640653546036 106.77348275259376 106.11458961895657 105.45015777104152 104.78062496068645 104.1604064846725 103.478063610932 102.77420422419615
112.87252709619813 111.94512489015167 111.48440294298817 112.52270711328399 112.43546459651665 112.7515071140079 112.32599549657878 112.24239425365583 112.54954045370391 112.10503015292839 111.99443945428929 111.87559832295229 111.75302123494015 111.63286581574044 111.51676977085937 111.34903727825298 111.31653887753254 111.34135402426462 111.26295113079759 111.31193503973383 111.36467429984145 111.35021250318583 111.15783863159717 111.13049423502639 111.00800801378314 110.9405579345234 110.16243949693217 110.01853326513928 109.84340253716 109.74553051510009 109.49361659686485 109.4693548969856 109.97539578035753 109.2242974130105 108.89334789630973 108.52359148709357 107.34488777128418 106.66753197273363 105.93657943475236 105.26732038941037 104.59300329371868 103.97738738646709 103.29225816646907 102.55589602741007
113.35085645140606 112.36967249788077 111.99996428851337 113.03869751045764 112.96166467380567 112.87465611495516 112.81962831779902 112.74488550852728 112.60985559819105 112.30723285223394 112.02904094996471 112.40516532446539 112.29108642814188 112.18006648529385 112.07213461618679 111.90052418719436 111.8923972072908 111.94492194184761 111.82935411954784 111.82422688342517 111.83820113749968 111.86400992947532 111.75720150422826 111.40493092562551 111.29772442156602 111.17423795664305 110.28323188422601 110.11221015176028 109.85722767709808 109.58013669295325 109.49341501999916 109.49034143617193 109.69514327925378 109.16787408920885 108.84230261686686 108.54214792205707 107.10318267556364 106.4330479277394 105.75843125525611 105.08767409808868 104.48254257074785 103.8007863159676 103.11302711324133 102.41972903686329
113.89292226929356 114.0136604309082 112.58103621595203 113.52399443433889 113.46249406688486 113.38854460378948 113.32188742853532 113.28347102813802 113.21156502212894 113.07393538321757 112.96123010282982 112.84050807870769 112.71634136078004 112.60024606726853 112.3995036282299 112.49955451827796 112.51997170094359 112.42088375735742 112.39145217072019 112.36626249009441 112.34159360664901 112.18398686857263 112.11027856410071 111.8042443313806 111.63880872546318 111.45379760760686 110.41991293757016 110.07663336598927 109.89913488496111 109.59485850328966 109.59044622327998 109.54997332038901 109.41524834548844 109.01536670888756 108.57038592079077 107.22023881409265 106.46988878251008 105.72974281801811 105.56474667348877 103.16533006456848 102.39779626389867 103.6307324631784 102.9405014477932 102.24478615779701
114.317622433293 114.62866973876953 114.62931823730469 113.11711217978684 113.93517523785414 113.87610254812036 113.81752097032819 113.78229044438658 113.71791751013534 113.64134018974987 113.46228185668026 113.34878248795496 113.23431515244214 113.12600019186715 112.95041758931555 112.94990566498132 113.10351530778208 112.7037824058238 112.97095135466856 112.92439225633055 112.75427114998607 112.67259174802584 112.56197295029551 113.18730005109661 112.03145352896979 111.77949407161674 110.40300544136011 110.04729988017814 109.85044891349065 109.75149921995444 109.72726033715378 109.5001943082608 109.28843558607342 108.88153435797912 107.84094112326991 106.96395367224417 106.21808115602309 105.4824956919561 104.75774592171175 104.11840826141827 103.40548601263271 101.26978460387335 102.7748031588538 102.07683031625876
114.71533434975758 114.71324667316362 115.22615051269531 114.38812833655714 114.54926291541422 114.36712411578087 114.25481539143117 114.1636244553334 114.21030578943827 114.14232108360065 114.07151611612642 113.98775083508671 113.75166788366357 113.65383538565817 113.54209193799836 113.62492583254229 113.80873376573294 113.15603569489721 113.1457204337857 113.43118627554665 113.29069708363492 113.17916698683045 113.03229210297533 113.84736433347487 110.80705033130153 110.83532914404365 110.4025480947592 110.16173096540601 110.20209551018405 109.9636488626232 109.71726464939961 109.46311823421605 109.19146016545758 108.7660293068825 107.63545673800381 106.74837948555206 106.00707752671673 105.27613690947064 104.55610306192 103.91723848360884 103.20364453146156 102.49808325976157 100.22779073777934 101.91597589873172
115.09035770796703 113.872802734375 114.94583012982284 114.66780877472192 115.02897011479371 114.91473626707317 114.76530438029882 114.63762838337907 115.96874830326476 113.87082320486743 113.93274786560055 114.15787841490051 114.28669924012175 114.09261563757164 114.160479877165 114.3003778665578 113.70428111853674 113.57690465762455 113.58847361523979 113.37765413784142 113.42353667339384 113.63365266423783 113.416384629028 112.23868658534658 111.42360497647468 110.85414803533287 110.56969799440722 110.51624470378435 110.25891589632079 109.99343931818758 109.71999723148505 109.43878359194431 109.15091666079557 108.17881240902415 107.46711606521723 107.13571762483792 106.4755836507895 105.81193729137999 105.07061698305348 104.38026965319375 103.68311922740067 102.98070376579822 102.27457010579027 102.11273191868622
114.77886728676444 114.83712488761398 115.55991551165357 114.8796546391471 113.44794001905886 115.40554575249894 115.26134030086811 115.13419864885775 116.16072435520314 116.21520844332575 119.80597 119.80597 115.32780450253094 114.5181280016724 114.60378627806763 114.9257996943364 114.25536051548369 114.12417792797098 113.92468058171207 113.99991367221583 113.0427249352435 112.74312251244103 112.96548900507341 112.09716805415995 111.40366536994848 111.10963003696608 110.84514221499757 110.62603707510075 110.33800501265702 110.04231046069204 109.73546123777312 109.4264147765346 109.0133490963458 108.57247619682059 107.66473536127155 107.01297891849607 106.36404409499491 105.69839187152476 104.95094364555192 104.2577168872095 103.55739064253797 102.8515050379186 102.14160939826112 101.42925925645865
115.16953907507137 115.69075427255599 115.75380571630214 115.77596746563354 115.53816017984889 115.72562767275895 119.80597 119.80597 119.80597 119.80597 119.80597 119.80597 115.32131445919154 115.11233606958945 114.98371007743319 114.11562005196974 113.74095085528842 113.83743244418937 113.54554575316973 113.58526740490115 113.32730124367313 113.05410942122474 112.55394260395828 112.24450784558913 111.568059310863 111.27998181628637 111.04245599255725 110.73492474424278 110.41953711306022 110.09657627505203 109.88573515718184 109.41400631852024 108.9681504334159 108.50872801842722 107.57891517099043 106.91949641374708 106.27779455579962 105.60904499610909 104.85495240257423 104.15777530165666 103.45320078447799 102.74277153796744 102.02803986716368 101.31056470144196
115.90202490411104 116.0250360402582 116.11663949540223 116.16401011420581 116.19027400468917 119.80597 119.80597 119.80597 119.80597 119.80597 119.80597 115.84985381153712 115.69698255874728 115.57596666623864 115.2750644954086 114.53987681632033 114.19576268240748 113.63912345635967 113.24523745570671 113.99370124170223 113.71231050814569 113.41349779311594 112.85431267515762 112.09444972900634 111.77853095223516 111.51761820080932 111.19153192498312 110.85657147958125 110.51382440963043 110.15254910242436 109.84111121559202 109.41917087581129 108.98806910571786 108.46496612204017 107.97374976260872 106.85534499410767 106.16243895970085 105.54416989409953 104.78310448805108 104.08090799318973 103.37101473005849 102.65497043924155 101.9343308972122 101.21065891900375
116.18937375661488 116.33981041337921 116.44670305196198 116.53320260766134 116.58686740883951 119.80597 119.80597 119.80597 119.80597 119.80597 116.31219760233259 116.23586365838986 116.1976371325834 116.00830534385577 115.71295551372917 115.28999500975445 114.21365243820028 113.7281043048437 114.11076958711064 113.76173196641382 114.09953853628895 113.52769779412883 113.15896210888918 113.02998828245282 112.06007587203604 111.70978447268384 111.3477117064512 110.98218232785847 110.61134708072152 110.31331282258344 109.87932061138554 109.43594159145447 108.98335727140548 108.5217631434279 107.93149705224585 107.40884312391763 106.12013030372805 105.3943135761939 104.73582785176475 104.02754635056364 103.31126742811132 102.58854036984799 101.36187980970857 100.58297586126396
116.45093419191822 116.62207865099823 116.76666349431713 116.88082850851436 116.96286354131749 119.80597 119.80597 119.80597 116.89521522334239 116.6971489871637 116.71669634614122 116.72006900547053 116.63839585040807 116.4677604810371 116.18633907375316 115.77239243931395 114.72598660825615 113.92603955329832 113.3336521901758 112.73485179207552 113.85556576848089 113.6839474498527 113.36343123770989 112.96599951921469 112.42947196532904 111.9126746082965 111.52679943845128 111.13292142976923 110.83621641242723 110.39045245279513 109.93505989421364 109.4702206042222 108.9961305738903 108.51299983485723 108.0210523515523 107.36819220973405 106.81452300283564 106.24865021671731 104.71351623331637 103.65169601685099 102.85996700273125 102.06588370195837 101.27393330102686 100.48859288662884
116.6034617145304 116.87517396338272 117.0615920885386 117.20334324013282 119.80597 119.80597 119.80597 117.53595155063812 117.49135557031536 117.34009426777273 117.24346991594031 117.15310875336927 117.10351771779597 116.96022396153239 116.7012496970458 116.30470860527122 115.2610548009035 114.43827938211201 113.82722638333209 114.36883792703244 113.84380212712867 114.04590864397439 113.63896451908923 113.21857674518407 112.66201773226655 112.12954635659526 112.0666819270304 111.40948231087597 110.95227502512756 110.48518114275447 110.00838270305866 109.52207601605481 109.02647158804712 108.52179402225951 108.0082818946891 107.34759359845111 106.77558670650174 106.19138982392063 105.07530781043015 103.61789777952373 102.81820090434108 101.7249970292339 100.90292413868374 100.09506880981823
