kriging_old.asc
NCOLS 250
NROWS 250
XLLCORNER 2.0
YLLCORNER 3.0
CELLSIZE 1.0
NODATA_VALUE -9999
[rows 171 to 189 of 250, columns 44 to 87 of 250]
62.4492096763393 62.35924485882423 62.26954204838779 62.18016387999366 62.091172697145254 63.92794397115209 60.68039587523815 67.76576260268394 67.23581107163086 62.070033020013526 61.895261599420635 66.15925522807959 65.49898286603597 65.1629935310655 64.45311937184978 64.73495531886132 64.72685023468301 64.7191108143199 61.697773403372786 60.700893491293755 62.63495262030224 61.530912289680465 64.1939534426239 64.69670179487528 71.70238472464206 69.05141103516146 69.19779245956164 71.48452256270636 71.71870765517677 71.95280364565721 72.18664973037124 68.77780871281045 72.83374542577997 73.34977936541034 70.75148092817665 75.73473467597069 73.58485860671428 76.40949330860946 73.6244644825939 76.37920204420399 77.1074306156842 82.8290959541756 83.26968238632725 84.26566976730314
61.97652487316004 61.8865924575302 61.79702982820034 63.24740824185743 65.28665141884822 59.84681994099128 59.601843632698944 59.357960524534285 61.79307467971519 60.01409081559382 59.97954812165399 59.944822800328254 59.90993875585661 61.81128161260516 61.534142738832415 62.40482255021995 62.449249996855116 61.24717843895278 61.11477961491738 63.93482038725612 59.4876163119975 61.8350588805779 62.32969116962002 68.46816688758756 71.6560758325634 72.22967680323893 70.25660402629788 70.9209849891424 71.58561901351302 71.44913206505603 70.87362965136532 71.57051777289752 71.24805910413446 71.87138819666399 72.75911328485068 77.67278368219692 75.96872636687772 88.7958239502488 72.4889692952821 75.77052223741921 78.29583687033319 82.21167676436346 82.58838308562079 85.02860848117896
61.50470875483211 61.41482945087573 62.09584714205303 64.73207683940582 60.23744714578095 58.76733025815321 58.52300251016576 60.924091114502204 58.99484021983207 59.601761780898606 59.567330859632435 59.53281179795651 59.49822835826621 59.463604304287095 61.85519047918793 61.89959482413434 61.94473406733861 61.990577264098235 60.61891212170549 63.6303185211514 62.66759412928431 61.06993344785595 61.58080911985262 64.84458283463171 66.11701660610893 68.58193751382964 70.25379985893655 68.10385608233037 68.26468343847868 73.08710808837343 70.54613177630446 71.2446501397512 71.94369850869418 72.68577868240234 73.30838706614962 85.33694358623801 76.80854433900036 79.0188690067893 82.60802476133215 84.75458051349614 77.90631362488128 78.00752506585057 83.43712518201298 84.5441360225625
61.14025078652524 60.945156131864366 64.17753878529221 64.15816128322857 58.9437870589377 57.688234939356065 57.44461087841286 58.34127203000179 58.240500524731615 59.188975839031386 59.15466453056807 59.12035966093537 59.08608484522363 59.00323437447955 58.676750145694754 61.394241502843535 61.44008269094675 61.02513341275697 61.17801998644643 62.841860110641015 61.95546812924561 60.811713915392566 61.22020684694751 63.705284891807956 64.97816883843853 64.07012564000792 67.96407688775457 68.12483046976314 69.44798423421929 70.71744001912676 71.98635040185567 70.91803619673962 71.61863350001704 72.31935602385438 66.36056526140099 81.55457425233469 88.52994855674766 81.23008261681525 83.37458898797928 69.38841709130219 71.74673683113276 76.60715067332421 83.5995780671498 84.70687738681093
59.796911022315456 59.601154196128725 63.60397190366032 63.5847991770024 61.77249140381129 56.610272528325595 59.950672738770194 57.81013878444526 57.48529432515578 57.15978473898084 58.74183132991021 58.70774843797279 58.6737900541201 57.99144713483016 57.66570019257265 60.88910791537499 60.63396260547109 60.78705848187838 60.55999625771393 61.53738592902889 62.236574114699216 60.55370648475901 64.99495098037451 67.89911745156712 68.89965839064985 73.75527501670902 64.73551960845 68.14570001295917 67.07855411550176 68.35113935511379 69.62372008840606 70.59089686797581 71.2928849842394 71.99507314661203 67.80385254356004 74.4003309672586 86.23777578496957 90.769417395558 87.87559778627042 68.54202135259668 70.89984922105444 76.36055885977565 85.91633706471798 87.88130422204837
57.126715349879234 63.05109219363926 63.0313459393541 56.46363216642605 61.12656000873747 59.57126509897372 57.37971437662749 57.055083589360265 56.729737912581584 56.4038997893359 56.07779228232339 58.295260373856834 58.26162601309137 56.979465601622124 56.6545297582159 59.15207287552164 60.3959967072079 59.35710578874493 59.61648474605429 61.02866400432049 61.72828766248849 58.7931159752496 64.87121691019439 67.75592494920254 66.7039651282425 70.91900561156729 75.13612761912859 72.88185208412344 73.94232350338683 75.0042837845289 76.06700690325869 77.12976594587941 72.24493161146573 67.12606934680367 67.73769863218811 76.76437300501503 70.57272655064214 72.96738958862169 81.77640858012916 67.70113791452938 70.05793794189219 76.11851201218538 78.05433107404448 87.58802366365612
59.92906710002242 55.57029166331378 55.27953238419227 59.90708597566119 57.09998554613354 56.94981764353422 56.62535149072983 56.30012091140216 55.97434788578094 55.648255149049895 55.322065937557724 57.88317758770424 56.29351150310326 55.96798198931021 55.643930501886786 58.589642899899204 58.82560193516131 59.213116038989575 59.2791553210767 60.52008038250644 60.98713251999747 58.308618187707786 62.21051785827011 68.11901158008635 63.862474772349366 68.07889361919962 81.41992390044838 95.14501595904457 73.47264169876159 74.53624801930393 75.60072478900439 76.66534389286828 91.93856315313381 67.05929553013708 67.6720216780023 77.31580175421513 66.95045644465279 77.55449732547987 81.36579993364208 74.65764483045712 77.07432059311691 77.49889616180337 80.96689405087439 82.49433716757282
59.5905234361232 59.36456240232746 58.73636775209954 55.027071449940294 55.018616309907 56.19668681497743 55.87152297280877 55.54576677524362 55.21964056218173 54.8933673102409 54.56717037869273 57.471781751399064 55.28249129409009 57.06707880700722 58.73779512486465 58.6563015217867 56.592450573580464 56.789529384067535 56.98676648106797 60.011982629433724 60.48201659225724 56.63354096868085 62.51705286719405 68.48372811248922 61.0200521456325 65.23688428508684 80.80081515582017 93.9864874612938 73.0036790760629 74.06868895074322 75.13467665448775 76.20091303702492 91.11487432756952 66.99318207832773 67.60686544884103 73.51968867274984 81.873602592221 77.96381459049125 79.69713433264398 82.55797422817567 76.80775961389145 77.5729227709027 80.80252125015286 82.32903996764759
56.23295611701719 56.894785713851185 54.91176358014079 54.94872837132755 54.94024815651094 55.21154715705192 55.19659290456138 55.15608802420634 55.11576941795582 55.0756649034968 55.035802096714775 54.99620838000216 56.72432010633078 58.569245769304366 56.18074110594018 56.377313503173006 56.57431762196177 56.771618998799696 56.96908283043456 57.166574127356526 59.97756406938298 62.24005985616249 62.01076780276894 66.7202859767371 58.17864553389809 62.39492560862789 80.182001444454 92.82168448580381 72.53575577666675 73.6019257572337 74.66918064180248 75.73679041155611 90.28512757493372 66.9277731124468 73.16242522788119 73.57415366517648 73.98666679707314 78.3729522059145 80.1070819323381 81.8398136408421 83.75102760172653 77.64977398090079 80.63893944811049 81.82574566492909
56.4387020717213 56.28234568025611 54.77004356607436 53.96577128642668 54.59430007862853 54.61320984550934 55.00614761512639 54.96558637778688 54.925255051202434 54.88518146159788 54.84539320340233 54.80591760758281 56.50137051307077 55.966191725790615 56.162362791174196 56.35910403538966 56.556281372455494 56.753760220560046 56.95140565514091 57.166268050272215 64.06986221717193 64.57470416869843 64.17789345769509 66.31252032040018 55.34020308873793 75.96716111009728 79.56390603202783 91.65141580720534 98.9384462529674 73.13627683357608 74.20455427665249 76.48612710018963 78.5477791488156 92.15148749283073 73.21658484198024 73.62889965451376 74.04198733241905 74.45556546640888 80.51617237748339 82.24922091474585 83.97959193534616 81.02437973908843 80.13690038975732 81.65220189508868
53.58191633321706 50.44723042445249 54.62834195981066 53.794871273726066 54.42898220940493 54.447885753018426 54.52052858247985 54.77552607549363 54.735191133774045 54.69515745267845 53.782890233823885 53.82061702577016 55.2779259083299 55.94789327282016 56.1441837850541 56.341048830722954 56.53835423938039 56.73596534172427 56.95267638564613 57.159983109195 64.0111437253232 64.51609487302399 64.1121348434811 64.56182674780806 70.1885141497253 58.56745054702666 63.701223295982956 70.66551622481519 71.46351869642929 69.0200717823675 69.2203845986533 76.47076604022868 78.53364328438138 90.72544759389436 73.27108176725086 73.68388896683697 74.09745702886356 74.51150321558697 84.16400973033629 82.65709393170283 84.18844354158017 80.88724084308512 76.36798736653537 81.47927814976555
49.376885307693456 50.91108576415484 51.02032221709772 50.56531826246607 51.52616260979267 51.56465594931581 51.603151276784395 53.018949256287385 53.071952795595436 53.663382197175835 53.701212746201804 53.73900250002061 55.73419899224593 55.92985163245661 56.12621659579494 56.323160312318684 56.52054855787484 56.71824660654539 56.9462809555572 57.15366074318369 58.816660880587 64.45761573717262 66.22748350929606 64.49586083735691 77.9730050706739 56.09248458412246 61.222986177659884 70.5526608490508 71.35069664294717 69.0298132007781 69.23015332089693 76.45557697203688 78.51920662784146 79.03220542796399 73.32587850902738 73.7390837690917 78.93626952643802 80.0913814406465 81.24416100593132 74.06515895871958 75.13318536454842 76.20075687581539 74.66705087377603 77.50241311682424
49.1386462637974 49.087777188494414 50.9083292726949 51.01736801199434 50.81719896095252 50.85900520884153 51.47227148942399 51.51083807215 52.95252442331161 53.005691459347396 53.61970604958326 53.65754997441496 55.71640126623237 55.912079208577445 56.1084735761417 56.305450778888165 56.502876569752154 56.732509571838705 56.93990002104385 58.18470761174373 58.861366637943746 59.5382490489412 64.7215371852206 67.36126545486154 78.32904346534292 53.62293491350225 69.64449077894301 70.44026057567706 71.23814670293461 69.03958396822445 69.23990544339462 76.44057065596985 78.18507440849763 89.78263011652933 76.6313285966059 77.7889137266197 78.94574711177016 80.10103620941072 81.25399017823756 77.03231414514136 74.9685623289383 76.03533190148336 74.11054028622739 76.94266888635195
48.90096959516851 48.849820845167386 49.7681201288692 49.06537953100316 49.659498806464896 49.77949275710933 49.89957038614659 51.780540435917715 52.22255572524524 52.29536023087376 52.93987113633106 53.57631518017268 55.69892985575728 55.89458820443721 56.09096690921578 56.28793239061658 56.518962199561614 56.72617106575088 56.93353798571578 58.22928673843515 58.90616198767083 59.58325084613007 64.62386978999258 67.30812974626619 64.81325593629613 51.160497313807376 69.53298070739075 70.32839306731695 71.12594664204134 69.04937746802084 69.24963436233926 76.42575786788512 85.41541141230371 88.34637661648334 76.64008265020985 77.79758484530464 78.9543329953475 80.10953461682169 75.92695527526777 78.27843609345993 80.62817639802185 75.32799413514256 73.55594078278219 76.3841939630248
42.514631476799146 48.184790186452176 48.403118131962444 49.52319799959902 51.33986347894499 49.567172488995304 49.687320558861344 49.80751862120741 49.92768440903301 52.097154971004905 52.169964362052255 53.98723847069412 54.421582814658684 55.877390608703315 56.09953835809726 56.305931618259926 56.512767016719344 56.719903389524085 56.92719923284337 58.274079947869936 58.951016189333885 59.62815621789781 60.1190258599123 67.25477163477159 68.4367089251226 74.84121818213727 69.4222629721115 70.21713571033385 71.01417407540704 69.05918709837277 75.57140848957539 78.4635368774947 83.98132241764824 86.91053776163474 76.64847028900755 77.80562429120695 78.9620221864549 74.81893156698649 77.17113920318823 79.5229300430859 81.87269878371116 75.5829009378245 77.57056432736147 75.82736893948554
50.24149623634308 41.96262738345342 48.05040576876695 48.268240387423376 51.01715217797547 51.314788200568394 51.612705846430266 51.91070121186422 49.71557157666556 49.83581117190385 51.97196095942958 52.04479936836269 54.38752204336772 56.51353214290751 56.09370947657088 56.29998027866317 56.50669443094017 56.71371085214677 56.92088812032477 58.31905650766194 58.99589846854182 59.65548993816153 60.15260643432146 60.64939896855117 68.38148921076053 65.04584569982887 69.31241422282896 70.10656552561964 70.90290637818735 74.49999847301815 71.5711518888944 78.48907898693274 82.54930085273848 85.47609689303724 76.65648685371885 77.8130276444546 78.96881050579265 76.06111721117148 78.41337974148371 80.7649445050244 83.11420635944697 75.72710792042292 77.55507391445119 77.58210901381742
49.06182565015184 49.24270106791367 47.69773428605109 47.91557163721981 44.22060194380163 50.991517823947774 51.28953191295474 51.5876971906792 51.885809420749275 49.623854760770506 50.25494172063156 51.38021881030699 55.228901770201134 56.5026499915709 56.624866190089705 56.74752410594688 56.50074860569803 56.7075976995943 56.914608975692964 63.1509918873221 63.527578867219034 63.306243553245224 63.60702750888537 63.907446708226715 62.992441920807046 62.86994654898975 63.51968746492844 65.65293742846052 72.94506909939415 71.39287595518888 71.63318160614756 78.51492570614948 81.1203253432979 84.0440342957983 76.664128136061 77.81979111824828 78.97469458899874 77.30104699864208 79.65282787584603 82.0036306176983 84.35185060829279 75.87088663775589 77.7573825399736 77.77424974593241
48.973614379261775 49.15448442620348 50.36560081477745 50.63901311605615 47.742901994281965 49.6401951248206 49.935201932721355 50.23041975399704 50.52564632710967 50.82067930365042 51.11531647947046 51.351739884092744 51.909315572722576 54.43873181949968 56.61406325061573 56.7365843175165 57.751965567837914 58.89823302041209 59.05842239914498 63.23160951835632 63.60788168563743 63.39077239091034 63.691362327384276 63.99156841705113 63.026820121572484 64.25666213928609 63.09199566082384 68.23750210971525 64.7902523049871 74.42390203701541 71.695195166602 71.9354630813185 79.6953698856293 75.51689958693662 76.67139038208231 77.82591156171185 76.1874585647277 78.53787481509698 80.88863781981235 83.2381431137865 75.27085222389707 79.48963219243102 77.69452550257881 77.34122747687029
48.04721081599598 49.066135267670234 48.622900554986664 50.53193562519482 47.51503474819399 49.33855149102221 49.633519423060896 49.928766765535464 50.22409123631311 50.51929041990038 50.81416199865093 49.58321046830187 51.87460522249448 54.23701185319298 54.32965027084794 57.879471519497386 57.750791317660585 58.02171379832403 59.111827383174344 63.31224850223575 63.17496559489215 63.47549081362006 63.77581808506628 62.89868135141518 60.42590689547463 62.89664210647727 69.06660787291801 68.47375506025519 70.76878052392162 71.1577176461454 66.6879748478031 80.81172239604359 78.27540274028672 75.52518244959592 76.67827029475393 77.83138646179376 77.4216158565481 79.7707583691509 73.0236597742321 78.41777388764741 77.40253484092662 77.91186203403787 75.56370200996105 76.18769951299203
