kriging.asc
NCOLS 250
NROWS 250
XLLCORNER 2.0
YLLCORNER 3.0
CELLSIZE 1.0
NODATA_VALUE -9999
[rows 100 to 119 of 250, columns 44 to 87 of 250]
115.86260986328125 115.995849609375 116.1485595703125 113.0 113.0 120.86106872558594 121.47726440429688 121.9488525390625 122.609375 123.1875 123.6875 124.57551161975275 125.21582350740715 125.85170709343232 126.48449535622544 127.06994296517104 127.64818591006986 127.87234 127.87234 127.87234 127.87234 127.87234 127.87234 120.0 104.0 120.0 127.87234 136.81818 133.64201350323222 134.44261228308275 134.96888949495695 135.49389233237076 135.98730240429177 136.50643877884016 137.039691036751 137.58122744696544 138.00783946578096 138.56310782551776 139.10812185445198 139.9687407716774 140.16859738147423 140.38737184788508 141.0249847157492 141.41272614763548
116.3603515625 116.146484375 113.0 113.0 113.0 121.991943359375 121.76116943359375 122.3419189453125 122.94140625 123.5 124.25160110845117 124.81149658536758 125.46728884587888 126.099609375 126.75390625 127.37489649346264 127.95814168114487 127.87234 127.87234 127.87234 127.87234 127.87234 127.87234 128.0 136.0 136.0 128.0 127.87234 133.99057312850294 134.49431574280902 134.9973389570531 135.85064480990337 136.33759533179392 136.87431126724533 137.41207515954198 137.96288648022133 138.50301563767533 138.93261316029407 139.48215604636155 140.02927195072445 140.57410110677893 140.9694428944788 141.14620007296125 141.85664362084287
118.332763671875 118.289306640625 113.0 113.0 113.0 113.0 122.022216796875 113.0 113.0 123.86121720596509 124.50922113447126 125.15716564282774 125.80421078633498 126.4326171875 127.07666015625 127.66597652401222 128.5 127.87234 127.87234 127.87234 127.87234 127.87234 127.87234 136.0 136.0 120.0 128.0 127.87234 134.33918139196015 134.84196462955586 135.34394953339452 135.79055315595357 136.69496167939002 137.2361378105891 137.77502475820307 138.33487105810045 138.8792610933949 139.3930869510735 139.92869052126406 140.4640572414536 140.95124898711836 141.3700193192697 142.07959073960578 142.59685052137195
119.99267578125 113.0 113.0 113.0 113.0 113.0 113.0 122.90494137208077 123.55856082840539 124.19697052812701 124.8360753736537 125.47504449067816 126.11304438181035 126.73583984375 127.3720703125 127.921875 128.5 127.87234 127.87234 127.87234 127.87234 127.87234 127.87234 144.0 112.0 128.0 128.0 127.87234 127.87234 135.1893097742717 135.7598213026743 136.18267265749355 137.04517405568762 137.56917164708344 137.80587808533295 138.6560957336823 139.25089723669367 139.74919759853466 140.2891749128679 140.82862365223798 142.01214298667338 141.78461205886933 142.38472525937385 143.4626416880034
113.0 113.0 113.0 113.0 113.0 113.0 119.28571 119.28571 123.87604016376977 124.50532640359803 125.13522984082604 125.76492629287901 126.39358900393054 127.0087890625 127.63671875 128.125 129.25 127.87234 127.87234 127.87234 127.87234 127.87234 127.87234 120.0 128.0 136.0 136.0 127.87234 127.87234 135.61455698357486 136.04961390091248 136.51633455999377 137.37739041440744 137.90463214853904 138.14242447425713 138.65872421417066 139.61324196726983 140.0848489028239 140.62980307705956 141.14127419127044 141.70293283862742 140.07278479896587 142.55670990187784 141.90534362236303
113.0 113.0 113.0 121.16376620198605 121.9598705923288 119.28571 119.28571 119.28571 119.28571 124.78609899059853 125.40650512125251 126.02663810487552 126.6328125 127.25390625 127.8720703125 128.50390625 129.5 127.87234 127.87234 127.87234 127.87234 127.87234 127.87234 127.87234 127.87234 112.0 127.87234 127.87234 127.87234 135.85542044180488 136.2132772925733 136.57252104870477 137.70084059032655 137.96573583170266 138.47358131829384 138.99262353276745 139.95586916530584 140.42543485151756 141.0054667624356 142.93815853742308 140.82929643464388 140.5368356879458 140.29018450217725 142.12067487738574
119.65367373682079 120.27214827971764 120.89025344304972 121.56065292331036 122.34888986389103 123.12842079399002 123.33349609375 119.28571 119.28571 119.28571 119.28571 126.26004104172796 126.859375 127.4716796875 128.080078125 128.9375 129.5 127.87234 127.87234 127.87234 127.87234 127.87234 127.87234 127.87234 127.87234 127.87234 127.87234 127.87234 127.87234 136.18354220046967 136.54207384584183 136.9019173233578 137.96396444528474 138.2884683733971 138.79901875466174 139.32076180263817 139.8533450083874 140.81674524967588 142.9516415809631 143.3746023603623 141.4326629966381 140.78367918481814 141.73669252850087 143.63516233838138
119.95091319916426 120.5701976791921 121.1876857515583 121.80238286576727 122.4149605757879 123.54335587285141 119.28571 119.28571 124.65011289334961 119.28571 119.28571 119.28571 127.0595703125 127.66085815429688 128.4375 129.25 127.87234 127.87234 127.87234 127.87234 127.87234 127.87234 127.87234 127.87234 127.87234 127.87234 127.87234 127.87234 127.87234 136.51504053665957 136.87416677231266 137.23452897606512 138.27469129873836 138.8207666123314 139.3560818022318 139.87941884678938 140.08281048732385 142.21149510761992 142.05245082337188 142.58935400930542 140.11814557740894 141.05392683661483 142.01692084375927 142.99039118900728
120.22298844215254 120.84167520235891 121.45672706505722 122.0703027727052 122.67669039317722 123.40258013780218 119.28571 119.28571 124.87240170979385 125.46124279478227 126.0515664955301 119.28571 119.28571 119.28571 128.44591281196512 129.5 127.87234 127.87234 127.87234 127.87234 127.87234 127.87234 127.87234 127.87234 127.87234 127.87234 127.87234 127.87234 127.87234 136.69158017539738 136.94807353518496 137.20526335815404 137.4629726132911 139.1355836385187 139.6535139033019 140.1987688010229 140.74920263506294 142.42023095755408 141.98156261040776 141.1053564325996 141.68697244470889 142.43998804084083 143.21243664606988 143.99410360948943
120.47264551263694 121.08957939712347 121.70122983919003 122.30812924650851 122.90916292529624 123.66954793433379 124.265625 124.49928005063612 125.07525603554495 125.6531148982267 124.0 127.0 119.28571 119.28571 128.61895871122317 129.20944261723824 127.87234 127.87234 127.87234 127.87234 127.87234 127.87234 127.87234 127.87234 127.87234 127.87234 127.87234 127.87234 127.87234 137.1006395398109 137.3575682208458 137.61509964550697 137.87305654767704 139.4088111922071 139.95194694012173 140.20094981586863 140.73686437679905 142.36242949605918 142.9375324575652 141.38658077935006 142.00077311288962 142.7690881149561 143.5532742186128 144.34288109579677
120.7025289882651 121.31558170689271 121.9236748830657 122.52370396377327 123.24718635170353 123.90625 124.546875 124.69356714342757 125.25851795601375 125.8252984026567 126.0 124.0 126.0 119.28571 128.79019048528133 120.4 127.87234 127.87234 127.87234 127.87234 127.87234 127.87234 127.87234 127.87234 127.87234 127.87234 127.87234 127.87234 127.87234 137.51109032063047 137.7683961193997 138.0262106097295 138.28435633069026 139.69352219203375 139.98037161404864 140.50599889712123 142.027443738664 142.62229560200885 143.2048260019387 141.0114535391499 142.35451183601361 143.13134409275725 143.92040246613678 144.71100765324059
120.91555391019433 121.52386179995524 122.12598534275534 122.81537236572751 123.39273265810085 124.171875 124.765625 124.9296875 125.42205346686933 132.0 126.0 127.19124557971858 127.77768289542419 130.0 129.00262552952677 129.57815538726976 130.31092023905245 130.92033910327103 131.52419066225164 127.87234 127.87234 127.87234 127.87234 127.87234 127.87234 127.87234 127.87234 127.87234 137.66561839188824 137.9226512262382 138.18027568078142 138.4383145067647 139.53838349285502 140.07538151356135 140.2766438470083 140.8041594990054 142.26092089868192 142.8633592777589 140.75656112594325 141.53497864202134 143.17377796893825 143.9299066119412 144.30895807318257 145.0938001870896
121.1128178879706 121.72585994821185 122.356901234058 122.99531775805252 123.58992641951852 124.40625 124.5859375 125.1171875 131.66667 126.20829981023292 126.78348962278568 127.36274345741361 127.94574463486151 131.66667 131.66667 129.90708977518096 130.5289613623571 131.14476099592417 131.75406709001706 132.35646501840137 132.61411577364066 131.66667 127.87234 127.87234 127.87234 127.87234 127.87234 127.87234 138.07765259366892 138.33503974785296 138.59292417760548 139.1547762062317 139.74492418814094 140.30746898685553 140.88381057607938 141.09527139959044 142.47751149430297 143.08705982017702 141.29666432126595 142.0623600316018 142.8552075257836 144.35813296794612 145.1050584863814 145.48558625805248
121.26753602427891 121.90236650964872 122.52650102327593 123.09722404811578 124.015625 124.23046875 125.109375 131.66667 131.66667 126.37905864331617 131.66667 131.66667 131.66667 131.66667 129.44229211075634 130.09206737841475 130.71398110047335 131.3297857413063 131.93905970180884 132.5413883644462 132.86254454994375 133.2415233705351 140.58362121798746 127.87234 127.87234 127.87234 127.87234 127.87234 137.63012428443506 138.21307485684028 138.77454819671598 139.36128339041767 139.9515402896241 140.54352081426111 141.11314542052688 141.3791850318906 142.67867864176716 143.2948578560705 141.83702463996954 142.5873887883303 143.36979826918784 144.16589816772546 145.52336458364815 146.23499823175618
121.5629093198456 122.07134668073255 122.67188829798016 123.625 124.171875 131.66667 131.66667 131.66667 131.66667 131.66667 131.66667 131.66667 131.66667 128.9926588779712 96.13544725151922 131.66667 131.66667 131.66667 131.66667 132.34912235970057 132.94593329634768 140.93749613633918 141.14975447337383 141.65557987473494 141.59211509839497 127.87234 127.87234 137.25549077436773 137.83893789119185 138.42264242848734 138.97434992406733 139.56852103473446 140.164492314088 140.7499949250921 141.33591639697283 141.9191559027115 142.86590270576232 143.48823182394307 142.37144689737465 143.10386743662968 143.8649924777611 144.64123461804672 145.41548935295057 146.1710945938904
121.7315128512039 122.26336776586722 122.87853083676968 123.5390625 131.66667 131.66667 131.66667 125.71609245372643 126.36919017983217 126.92427520925723 127.33295005266908 127.95559520543527 128.58928689167152 129.23082039378602 129.7476951039817 130.3648270572752 131.66667 131.66667 131.66667 132.53820249527485 133.13452288067003 133.7354939342929 134.33434344492048 134.93211643265352 142.13561662124175 141.79137296564568 136.76406067392253 137.46190631599893 138.04602182833162 138.58685658665752 139.17560475473698 139.77076992698198 140.36701357409518 140.96392854439534 141.55196006773255 142.1383816089539 142.98771704523978 143.66867442607173 142.89375763272824 143.60562373964262 144.3428421052435 145.09583960483857 145.83925025030783 145.9728584670836
121.86303881565878 122.4098671073357 122.9453125 123.6219813346845 124.18268801880436 124.6109028268329 125.28870412607515 125.98658679015429 126.54519440719952 127.07052063107275 127.50449572986686 128.1250846875813 128.75818107251115 129.3395998411803 129.92209065665472 130.51281840421 130.95410615846322 131.50863743954267 132.06598331711996 132.72587135303456 133.32649002166056 133.92734750559953 134.52932163243474 135.13065194628768 135.7353259681597 131.66667 137.08127580665789 137.5760548548574 138.19844797314715 138.78934978179254 139.37695958405664 139.97230695708987 140.56868682406977 141.16569194136673 141.76291415058344 142.29645585636848 143.15417197257247 143.7740508148475 144.2597787657546 144.0865244091247 144.7972222339744 145.5158676901643 146.2335596773954 146.43044095691627
122.03477349830385 122.62375847549932 123.21422495053987 123.69147616402665 124.21247189371502 124.96033776035077 125.43219415805223 126.31801322486928 126.83457364696781 127.39085858239338 127.66513416730082 128.28821844466717 128.9202328028303 129.511229505303 130.09318081249316 131.66667 131.13538399113935 131.6903580244567 132.24840346851875 133.21110410425413 133.51577258156874 134.11952669360392 134.72447690203023 135.3284437822524 135.93728228337534 136.65735191702305 137.23685646515742 137.77831528435706 138.33472999245643 138.99126463523655 139.5775991330754 140.1729924978863 140.76937234382095 141.36633142833156 141.96346162575048 142.5603543922931 143.2371254781894 143.93849466269893 144.5378180912505 145.19281190076126 145.22206402197648 145.90824137382037 146.11714840863675 146.85254040318708
122.20440820561814 122.60918399206447 123.45099296929902 124.02093245262046 124.34901942971533 131.66667 125.69346631421378 126.37572709750481 126.99614561086946 127.60955255493258 127.72546310788849 128.28742990442285 131.66667 131.66667 131.66667 131.66667 131.66667 131.87240246975955 132.43216076615545 133.3867742829697 134.00637592181965 134.63394790302993 134.91929201143807 135.5297224319985 136.25283720774934 136.8382456283078 137.42671458370722 138.01779823246204 138.53912181798157 139.19246145793286 139.77738500701923 140.4353339048389 141.00561745871053 141.57970412255773 142.15719729443273 142.7376952429834 143.31599999222968 144.02658293857417 144.81726198031885 145.43097587635333 146.05141025466378 146.33597593319652 146.95322391029552 147.2359646107055
122.34928737400722 122.92890743220865 123.53526526598677 124.08283304443434 124.70549986846468 125.49446919599023 125.94708160587064 126.5459321196478 127.16717850783778 127.79169299454014 128.1955329270196 131.66667 131.66667 131.66667 131.66667 131.66667 131.66667 132.78553467471258 132.6163455229629 133.56612740097435 134.18758050513898 134.80191478999959 135.03979939607484 135.83616420435698 136.4270027797586 137.02130857556375 137.61863278961272 138.28031746880845 138.8367666472741 139.3676160126819 140.06660932420533 140.6341325615686 141.2058163834765 141.7812688312107 142.36009237600078 142.94188437662018 143.52623754605202 144.19945250527786 144.86138894191112 145.68217557283668 146.2824462335732 146.55188882294965 147.13100871642905 147.63873470490822
