kriging.asc
NCOLS 250
NROWS 250
XLLCORNER 2.0
YLLCORNER 3.0
CELLSIZE 1.0
NODATA_VALUE -9999
[rows 220 to 239 of 250, columns 44 to 87 of 250]
45.810250608066745 46.00943582745357 46.694652238191466 47.23337152844618 47.495508678204104 47.861822683149526 48.24524150445715 48.64527617781017 49.060503256242384 49.93207725841525 50.01138913764444 50.4159130541908 50.59325664796937 51.38378630278993 51.71194026826406 52.15567348903834 52.5723634622751 52.946157922488 53.32439432849815 53.680727155639225 54.0902329195517 54.40321646252641 55.18663633966132 55.484365796218626 55.72106286065669 55.89721636248874 55.550954378944965 55.58168576192973 56.096364515881284 55.96975424803385 55.992518789363146 56.35287416820137 56.67457413764303 55.63724955146452 55.48366131095541 55.40819271016154 55.01611181967899 55.42979106364974 55.04430150492224 55.11419135489126 55.76709454284456 55.623032478914446 55.471446012864035 55.27599693263689
45.703577892648006 45.93691529688848 46.668920898724544 47.13686497709535 47.51405318701048 47.76644853853711 48.14864408638494 48.545965604529755 48.95652129552149 49.73513076371198 50.3765089836953 50.25471019409843 50.274981631033526 51.12428264471793 51.45623856191296 51.82416834687818 52.16699978725041 52.49885431240371 52.83591833380932 53.347659990298354 53.78021485952131 54.287364025119395 54.61216458575203 54.87376927195701 55.07261615094671 55.974657958282634 55.51050506803636 55.41260978787832 55.27965872410671 55.12737680471712 54.97146338883246 54.57386613148535 54.69836511109303 54.96965025906114 54.545362452991206 54.13164145922239 54.20736455294757 54.58149686285596 54.09465032096489 54.06578671892291 54.794877684277175 54.702249632456784 54.57599717332026 54.41481405667436
45.693836851435044 45.932282516685675 46.49232620219695 46.738276871363176 47.042369737974106 47.707712787118105 48.096190399406595 48.48246676106249 48.88830703867107 50.21763473171984 50.11054105027773 49.89109908002324 50.05637508158676 50.3753274449379 51.17217446394584 51.46705546133118 51.781291869123606 52.077928913039486 52.38724265626234 52.86250081355897 53.24064710203025 53.958189096187894 54.28356890786444 54.527795258826075 54.79889008739946 54.79618827678719 54.66367690458861 54.57410173327021 54.44183295512023 54.27755613395852 54.09185872229591 53.456201511586954 53.903420195924994 53.7493158731141 54.00723260462845 53.20170436792441 53.69413138320004 53.65594342423303 53.16127985506753 54.17738534721708 53.871103036108124 53.78781408094016 53.638394042395106 53.81049041467017
45.680689651863446 45.92846601292494 46.429160022021385 46.68632429648338 46.99431260218612 51.32683595876587 48.74406658810445 48.892600184486476 49.37561208186998 53.68462890619628 55.23594365650797 48.79292471138601 48.888418181242336 50.0386754453677 50.37386594401541 51.09483109739027 51.361153226063536 51.652716401213084 51.97390713074867 52.25401863744824 52.49940274537271 53.311798037334526 53.633598341837796 54.08747545689522 54.07888475215618 54.063612643639885 53.97875649263409 53.75601938791736 53.604483089136025 53.423240127209866 53.33552791040583 53.242335532601786 53.14141553399317 52.82976938044498 52.686778522196065 52.842488417549966 52.39387788582392 52.890962417696045 53.149202010471996 53.21366106766119 52.95172150996544 52.87847357569208 53.167324967923385 52.9155775611023
45.65911802068126 46.062466284486675 47.92536748096683 49.10273622023339 49.812946020966535 50.48981495588859 48.439130419018866 48.5835201918627 48.6618570685701 52.43804364182108 53.51313095176647 48.180534765005746 47.86641376555567 47.59560927351405 47.400310893464585 49.159895427112424 51.00505156246133 51.28284035155773 51.539289465532775 51.81487137323376 52.078107453078786 52.26648685488832 53.23542286825224 53.26747468935402 53.30112210232548 53.25806527933703 53.14955601038589 52.98682859843506 52.781074098431155 52.59097969153012 52.48984224309356 52.368564013662635 52.24293808153959 52.383937267334915 51.96762944071881 51.863211396441166 51.778604230385646 51.42742578985751 52.23681140971177 52.1512141026769 52.38822666641781 52.458805801589826 52.23155459240871 52.01483694849368
45.657555668165756 46.77672980955576 47.383696588797655 48.34540313706944 48.9878238889311 49.58571055422236 50.11512454813366 48.2806123536341 48.32954827239246 52.09929564325432 51.73112040833473 47.272107461542525 46.835195749323915 46.43673519018854 45.6677169369134 48.80137790157046 50.568813757237194 51.091607171235715 51.115302605800665 51.404841760870205 51.73377731377417 51.92156183240045 52.21469354878992 52.305757558310574 52.33760456557989 52.45230357350911 52.16855082600959 52.05319739569679 51.91654731726619 51.7639485835976 51.630588882318776 51.5002784642076 51.35402154014737 51.455731276566084 50.992349995467386 50.89805314906472 50.866368277305014 50.81347402778976 51.16370783330424 50.4186594392128 51.056820980849615 51.23408424070277 51.28768541338501 51.04203776392415
45.97306651193245 46.34516914690008 46.91530102917324 47.4613708328457 48.18569614370029 48.67348755712797 49.076458869849915 49.407420896285274 47.53410964526687 45.65254164529301 49.65034920688976 50.48104900827509 45.814829387120625 45.00419141534984 44.662016126367426 44.34178879698815 50.14216844343594 50.37810636352235 50.83351710267826 51.315221812354125 51.41319453180812 51.52730285262561 51.58885420660485 51.63093926007305 51.61065749026005 51.56720361619267 51.479191808365 51.35305811427679 51.19530631225317 51.01249312814009 50.81156157033019 50.59833170138443 50.475283293554845 50.60354135615953 50.12180497457837 50.021424774392955 49.9437702310033 50.28157765473608 50.083961459778344 49.52480135859744 49.2769860377278 50.28072218206364 50.196410141801316 50.23083062184665
45.44290486471124 46.02158842507171 46.58490761367955 47.03045840644551 47.449555485479195 47.803975767731174 48.067989577884056 48.18057501755613 46.93918800390023 46.61372014895113 41.613548575439836 47.44347593158557 44.82160721769964 46.126104164783115 46.15337180726014 46.30318113498338 48.6413296697411 49.90066306833425 50.32840345371832 50.740216459056086 50.970588444782905 50.974314730583856 50.985067112706886 50.93836057716024 50.89797435294447 50.81447539847925 50.69401080834874 50.559856876384 50.38922744305945 50.19713077145698 49.9905924045875 49.77530253144387 49.62521702748691 49.55090458029137 49.271567580004955 49.16550434582817 49.083126296641055 49.17454669108099 49.119340531637484 49.25524528321079 48.830982350956916 49.30096351156243 49.48493460713003 49.350182571610326
45.29184076472378 45.778480392073135 46.28475149499363 46.838949898914 46.817846761478854 47.02272946236312 47.09785707869903 47.01472702342057 47.69721909311812 47.53046326465868 37.212304060362385 46.02060409035209 45.500318064434595 45.38962874117031 45.396885712343405 45.52757903960398 48.01248402907977 49.350476492830296 49.786887628438976 50.16846728519414 50.35426960246237 50.453278079717975 50.35452068158699 50.28408345547639 50.18883526720775 50.07191737201208 49.92242598474824 49.75414688874149 49.58694452499622 49.386931811020105 49.17613465144314 48.96014222846268 48.789404953178 48.71447363332602 48.132920954324305 47.92060751867668 47.91896085471133 48.25577776512372 48.227174742452235 48.34203036073371 48.351294528988134 48.42940573635206 48.56868656998854 48.47147031206566
45.171223172742025 45.55298268324112 45.88775571864702 46.62024483464457 47.03476028709665 46.312016183294446 46.24865182818453 45.963287391249466 42.73310272631106 48.363466929473354 44.644139040503575 43.76057509504202 44.83400940574398 44.706224181756994 44.69710571006732 44.40122736435049 54.822529906140865 49.08909947559958 49.223160339681925 49.585116961446715 49.76214132740367 49.847920430103215 49.70595116296518 49.60353210084443 49.47916206973589 49.336013818352924 49.17727150824402 49.006123504341474 48.82575517577247 48.63934172002027 48.38570077380048 48.02672399668619 47.85908014065506 47.71998615396493 47.388527197160776 47.20753590781794 47.45131054182184 47.407478288565386 47.36560623071894 47.4381067994157 47.479231288838044 47.57432013941741 47.56297858982995 47.60149168825734
45.14340407659898 45.47345861953511 45.71403150297122 46.37554813501184 46.7530041530951 46.996742657798976 44.93417835069049 42.41981049379939 40.608094233062694 43.16159000264622 43.52541357850589 40.98708854830094 44.23075294023661 44.08858463756435 43.306500223075446 43.322542570563726 46.97933359291207 48.00575059284674 48.63131535029717 48.84878773837167 49.11975046332421 49.17309305021995 49.04279591664676 48.911407980020165 48.760931038692334 48.59456656860719 48.41552360571167 48.2270114974342 48.032232669132014 47.83437542786409 47.51552066615581 47.26226541432359 47.09412129209124 46.9488671873651 46.66874062074739 46.60597859949457 46.65221071322179 46.585251606588216 46.60149450614193 46.55020394268753 46.51817677581752 46.94411889893716 47.13437786874161 47.01684891825937
45.22208758229504 45.5137415146731 45.710801213297 45.68000801275515 46.80601252363469 47.321788457378425 46.97168637170978 47.40068401781955 41.507536178317494 45.6338081172751 43.81839542941642 49.39805906091973 43.27368670517467 43.04768805449652 42.94159903070641 42.96344049123523 46.38183290427993 47.505685656008865 48.06010022436854 48.25040899616316 48.360707988953024 48.517139089691355 48.35496707387081 48.117531582312054 47.98115055593482 47.85109395866004 47.654782381287475 47.451929165691816 47.24575103626931 47.03944666732353 46.83030393887076 46.56721393729202 46.34600255414248 46.197106797685656 45.969434016378955 45.90401020309424 45.86594516399138 45.783685005213236 45.76050565035306 45.719236027606705 45.72545922501369 46.21353388533053 46.14091352223113 46.25821961572925
45.314821413767206 45.5132760644162 45.714303876362116 45.82138157519504 46.06985112133008 46.25145385131191 45.823670077004905 45.38708516741194 40.27489047021018 33.88235030444631 30.228121974099977 22.370829899481052 43.55723631438642 43.45781365677152 43.96651008417551 47.26569214264161 45.82666878675703 47.00783319519006 47.062680987194305 47.64554991867326 47.71616656184628 47.80819503048822 47.669017480517056 47.41550280910418 47.25930536314458 47.07793296242187 46.89856413316394 46.68440743705855 46.46985310755858 46.26126187872968 46.07241841178656 45.82475834509535 45.61375195717945 45.463647895566226 45.3329727157005 45.21490760454092 45.176495238499264 45.13768807640576 44.99048925046945 44.94512769669775 44.957045724038544 45.58899429336498 45.44673434494854 45.309303288836986
45.17598760292459 45.462729140078835 45.66464939579302 45.92413655691168 45.761222138255036 44.42583017514431 42.60814966649268 40.099976416950994 44.833404628019366 35.76897486253249 31.73444325576414 24.20407061893883 43.34168366187638 43.69825432009649 43.99724991392199 56.01266418138189 48.48960298289804 46.322308240719465 46.367878716123684 46.57684673766302 46.832436701629476 47.14175303066617 46.980312724062536 46.71871860285336 46.54467824137692 46.348882129751345 46.13750128221393 45.9167061733207 45.71720504019406 45.51864499087801 45.32611473201546 45.09400685930083 44.91761283522081 44.74741518798261 44.61626284721087 44.55185733903692 44.50670356210391 44.4686385809522 44.28320344886943 44.23353949623374 44.21766215009746 45.08471652111662 44.88328393244228 44.69170771273525
45.009982048472466 45.30804620162786 46.07537274216829 46.06265571202374 46.70297130422996 45.517434795395374 43.82458125961341 44.17281993207749 43.33969050382976 40.63236580877764 49.55373166302178 42.319618679174255 43.524736803338634 43.67123836992341 43.94949286594364 54.07137850680613 54.29427406329201 46.01701717018038 45.86378602443685 46.015884101390824 46.040301392436355 46.316235683724685 46.14945073948958 46.013881860071216 45.83970055518697 45.631447859512164 45.40929441928548 45.19631996509256 44.98329262107097 44.787741753376146 44.59166887823999 44.401944006236945 44.19974685933211 44.04613555605155 43.89910628857304 43.91115379963905 43.85945207939576 43.81753810784297 43.94276875798975 43.914504420528445 43.655887767603005 44.73724690468832 44.45641559876398 44.190537982313394
45.68317855211402 46.04083248208296 46.92422247966306 47.055568001579445 47.54547352943373 46.58873111387388 45.1558001441065 45.039803960074046 43.739937949564 44.56168775123564 52.953853695863785 42.773920496532696 48.359820781195495 43.69619659575253 46.64700367620483 52.189370201379305 45.530539645501555 45.52581540179642 45.51014624876739 45.84954290005979 45.29467181268718 45.67961108976675 45.54243627929331 45.350129469343216 45.112746301997525 44.92914799008083 44.713588776178355 44.495247203304274 44.27770533875444 44.06453429365292 43.86934367362616 43.67634823371688 43.49001471049201 43.32771594129967 43.2084698693734 43.20786875114256 43.235831317315295 43.254953530744 43.43060492937137 43.36868641779441 43.19423291194907 44.52671184812209 44.147039876021424 43.78904847939256
45.82230683543431 46.182400855456635 46.357295021788275 47.16475878413985 48.18301453144061 47.501251911524434 44.831463188473705 44.773546554723175 44.54439677980218 44.47756135075943 50.46118086323399 45.3943921787705 46.02156286629281 49.602666843231006 49.74205646942572 50.41835895831914 45.06714476551986 45.042603916983715 45.006664800261 45.49896678250896 44.88486418676706 44.48899409911912 44.80035979705484 44.645554532928124 44.46842669485057 44.27947509668122 44.06493237538658 43.80528881630335 43.5822184952197 43.364383068616526 43.159388761238105 42.96326842009107 42.77393418124878 42.65106146418898 42.64113338551995 42.625511761398236 42.57778011427811 42.66041491966683 42.98506880601485 42.93996243295223 42.83535494725433 44.45207520261479 43.95487927105921 43.487715829444284
45.945718733527826 46.346060785009655 46.51660993356731 46.468278621431615 46.89619028246398 44.474559542278996 44.09483422166595 44.15935206460043 44.46225479042869 44.41733510817865 43.07176976042731 45.06021105130901 45.583659558552796 48.12890839586638 48.396921890766635 48.31638284552704 44.601099444263234 44.56281330171536 44.51215794274988 44.80180691191925 44.392994517455946 44.25404702935241 44.204110516270234 44.03494393239199 43.846268546994054 43.635389290656484 43.406079273074404 43.16461724271189 42.886300468255406 42.67436395052927 42.47255577122429 42.26520726228507 42.13820718301636 41.99513521912469 41.93563497820449 42.05660014109561 42.01878676690845 42.09849536817717 42.84452225883558 42.584492605557074 42.57710516967606 44.5089390510617 43.87631943669169 43.28370383816704
46.13023100011141 46.5302934770212 46.68154069054387 46.569182986064085 45.17325979171863 43.96933101103575 43.6749665201493 43.61381215014438 44.4189030266614 44.26031590371508 43.69171162191361 44.87570018346524 46.22710535954599 46.83859888963971 47.337292940832036 44.58324214265812 44.521676927537904 44.10200986661387 44.10367473193012 43.98599757761923 43.9821686711296 43.7403150903767 43.61814137757178 43.42796355051484 43.225803009034074 42.9907389555385 42.73897679068923 42.47681447564121 42.21054475930023 42.01141939100077 41.80724058485251 41.61494484866127 41.4925544912051 41.40303780902071 41.33603524362951 41.52503949314926 41.499026421614644 41.859196759558635 40.88310519414681 42.442030704884445 42.41474929558444 42.93456133819666 43.90440195701268 43.17085046195274
48.44110383211773 48.95545155239233 46.60958718025537 46.62319705264535 44.624676654347425 43.7674198190723 43.33474628967624 43.14851034233163 44.311031976688525 44.54784103717232 44.072066749192864 44.46230598430458 45.226448302565316 45.7446154683723 43.470885841427915 43.9902778488989 43.932896210110314 43.70109391614115 43.60687736379463 43.48304855792714 43.34456617796602 43.241406725023694 43.104712898267465 42.816086708127074 42.60179916827497 42.34033106721106 42.06388689371142 41.77878393191665 41.49133200675472 41.3671039118603 41.159862346399834 40.96443990088815 40.870490516130126 40.825116509553695 40.72136523982842 41.087019870512876 41.38552509502403 41.50228028270737 41.52363892667258 42.13211024061033 42.9657433280517 42.92509989674522 44.02882929469564 43.13967928697758
