kriging_old.asc
NCOLS 250
NROWS 250
XLLCORNER 2.0
YLLCORNER 3.0
CELLSIZE 1.0
NODATA_VALUE -9999
[rows 228 to 246 of 250, columns 176 to 219 of 250]
104.65161592505262 104.99250827827505 105.33352562285812 105.67443529715212 104.32090658547644 104.38919303291878 105.66057328229893 105.70275143049784 105.74491683968446 105.78704059528457 109.15021465146519 109.20977664600612 109.29575765208317 111.840415581965 114.27029361857612 114.37542213051675 117.69448302307683 117.7288816807432 117.22864891844354 117.25563191902269 117.28253883325966 117.30935130262208 116.0484143702667 116.47070038177769 116.32950119539088 114.816273165795 116.02493676254238 116.03940396017548 120.23699030365972 115.9471828094582 122.29609381588494 122.63841735246446 117.57797421447928 117.71225216514995 117.84677900853774 123.43614112587866 118.21028992383454 117.85829688763317 117.70365083821204 119.94952596491072 119.2236286845825 119.62665705696317 119.68561711673232 118.51864443177794
104.57855799494806 104.91988645901833 105.26135599896317 105.60273364398222 104.26995531030477 104.33837717350146 104.11598329060072 105.69892443568867 105.74109643705671 105.78322767960455 105.8252892828475 109.16776287814602 109.22726264434954 109.2867087412049 111.63365141944865 114.29300314883203 114.39803231991725 117.68484568178658 117.179934591918 114.59291283943516 114.70965135110873 114.82638463744732 114.94303320841911 115.95885533371913 115.8443106477274 119.59021652065454 119.55397561296346 119.51698731806404 119.47927687465443 119.44086992917775 114.47293701592365 119.20428923610862 119.53488049984298 117.33576980964995 117.47020900673273 122.63055138976006 122.81592417448994 126.5030071020191 117.13073375511921 119.34928973069081 118.94225574333083 118.67686783259389 114.83638468259171 114.74310471957133
104.50552363438827 104.84721050533943 105.18905452076851 105.53082245374802 105.87228115536422 104.28750986932229 104.10151518448875 105.69504745532234 105.73721640293445 105.77934550370387 105.82140587855453 105.86336871941221 105.90520532208737 110.23710041475259 111.5550418124856 111.6453349077172 114.26731966957384 117.17051571825021 114.39738970112863 114.5141022386762 114.63090696895117 114.74772436203646 114.86447487032994 114.7839684020519 115.52895972520379 118.83251265385196 118.79520809699693 118.75732889102044 118.71890088655312 114.61393083759883 116.75143332151866 115.57897841145082 115.6863009262276 118.76483502759925 117.09366259342353 117.22831298740464 115.66796121617516 116.17302036611306 116.18604038008793 116.19853497444534 114.94469033860194 113.97011068885465 113.90905128803138 113.97429569697115
104.43256308360729 104.77453041184451 105.11667092619716 105.45875119681024 105.80053786146608 103.7750503596296 104.0869913279294 105.69112309370881 105.73327934377343 105.77539667557117 105.81744621803385 105.85939917042977 105.90122683523806 106.93905000654988 111.47650575620587 111.56678046543756 112.91903010610753 113.99442777376154 114.02183987539425 114.43436319590592 114.55114458623353 114.66795658228847 115.8530196517931 115.34718817903946 115.32382107454013 115.30033685017824 113.73989740831105 117.99551870907104 114.45940326297165 114.37919401607112 116.52431051578081 115.25986735627447 115.36707804389603 115.47459455419822 115.5823436026282 118.87528487381488 116.74615928057808 121.86361380257486 121.83967874166106 114.65049681205873 120.64453120102397 121.17971652719001 113.5340712096075 114.13310743362612
98.25712011762917 104.90829495664576 105.0973789674464 105.28652039356582 105.59885630912561 103.75405913991725 104.07242169632792 105.68715401016826 105.72928792765568 105.77138387142071 105.81341298499702 105.85534648156803 105.89715567682627 106.92405490302639 106.94471307482897 108.19897355138158 108.25517831798649 113.93619369808712 113.96352856416169 114.35468944639017 114.47142078312982 115.45428419014586 112.94797501599649 112.95657592943373 115.11858731146086 113.82553293197753 113.81954701978117 113.8134318156287 114.2245942690021 114.14426990139074 116.29716106114972 114.94055319301161 115.04762778625647 115.15508097978817 115.26283953183614 117.9119174393611 117.92666365702829 114.45262453279489 116.93954275117683 112.32796812951615 111.80451125011075 131.40452806271486 130.25848588404517 110.50518446198645
94.02524600003832 104.70308220608015 104.89225695070982 105.08153572493377 105.54567094380437 105.89383342968152 104.12400730227631 104.22281037504008 105.72524488127657 105.76730983267036 105.8093089349287 105.85121342171378 105.85486510711424 105.86364534713654 105.93573456226895 105.94986028361915 108.38149624985618 108.43785579281369 110.82965014177661 110.74100219979455 112.99198673678491 113.86292157473798 113.98615286099391 114.10913416494394 113.64903351555986 113.64299067723194 113.63685614359075 113.63063414480412 113.6243290091194 114.72015161340266 114.89950664686191 116.0875107392277 114.72816853053345 114.83553417057375 114.9432779431755 116.9472663764504 114.95265015016437 114.25461287257588 115.60307115595955 117.8014706606799 118.1128303411819 118.30080345615731 118.48841854702229 118.72005455085821
95.82598516694777 94.27026473040557 104.68674842569459 105.14356061920293 105.49231540479306 105.84053818929377 105.5994486195459 104.87488751834556 104.91499829144725 105.04719019529216 105.10658833973825 104.78968717058065 104.80199543335414 104.81425201214743 105.63691648238695 105.65016526904991 107.76869623848276 107.2567117173154 107.36656653501981 108.33726988246167 107.29015547017748 111.63198489618811 111.16896430120507 113.87875737187363 113.46663834563816 113.46040645416346 113.45412461480211 113.44779715892527 113.44142848723365 112.81662329827554 112.81027073106972 112.80393091955958 114.68324806446292 115.52010963127064 115.55351047882824 111.38324929945803 111.3994819636237 111.3326822923377 110.3452796550026 110.25407169607892 113.31216271929486 113.81866027986314 114.32448988799388 122.5129666661347
93.2530402977928 94.18372539307045 98.63140417908967 104.75133262699532 104.9844234625616 105.21738664801076 105.4500631765694 104.7960315799169 105.4460377377276 105.55438403290468 105.66256270016942 105.08213483952785 105.10941934387102 105.78282031121377 105.80508353615949 105.8272800200475 105.84939457603542 107.0547732676655 107.16465871929229 108.4577467643654 108.5650011166274 111.11111662359671 111.0623877698525 111.0133589353649 111.54235965043675 113.277905141168 113.2714774126323 113.26504590940772 113.25861510366761 112.7322010663896 112.72587154892676 112.71957412208906 112.71331312778796 112.97486327668074 111.64950565202747 110.69972154929766 108.92030216971128 109.13921348388232 110.88062230317213 110.71853801109735 110.7423390434314 110.76629542864713 113.31549726368385 111.81761421690649
92.57359816650082 93.57202317535668 94.36630775429076 104.60148559099531 104.83461667238774 105.06765410666056 103.09495332091116 105.19301657612478 105.30149192275786 105.40990699175192 105.80856069796606 105.91915852771548 105.72160487182798 105.74395494581935 105.76626242179067 105.78851202227453 105.8106885240131 105.43258508831138 107.32214341177158 108.31855494617754 106.53932827361758 105.81310002303573 105.97397625475233 106.13482462192279 108.49229754933776 108.58760969180169 113.08903940762646 113.08250533805383 113.07601384282601 112.64790708904769 112.64160202958243 112.63534836788959 110.37416600249287 110.36082446581592 110.83186766369326 110.49139226987343 107.83426301276592 108.05318364467485 109.37245055225029 107.27413567521545 110.4599885359953 110.48397821830591 110.50817109352757 111.43766335567412
95.2696617174052 92.72843218919564 96.4303819883888 102.56806383770756 104.68477940070291 102.6986050620855 104.677959238757 105.04810624129364 105.38665538114829 105.61556600508422 105.7265353422937 105.8373009613286 106.1816265648001 105.70500553549083 105.72735223738141 105.74964995451403 105.37887835439932 105.38209920756893 105.07157141887392 105.1294040372488 106.44577711790765 106.51318776393117 105.77047111174356 105.93100288925515 109.67547908408945 109.82766094056574 109.97970338747886 111.77927582721296 111.19543840850547 111.19139164921427 111.18740310141882 110.33801441433923 110.32469438293013 109.38023116361241 109.35319548966294 110.2832411945306 109.25698629119911 109.21070492657925 109.16445670374264 109.11827320938926 110.17787681750443 110.20189428047394 110.22617884657345 110.94153337363582
94.85981537364987 95.59078416506854 92.61407553813024 97.49891578698262 102.30179081296289 102.68797839996007 104.34763905459998 105.31082845636368 105.42206382440598 105.53326645118103 105.64436008311596 105.75526858563157 106.02797568932922 105.66599869530789 105.68837957118394 105.71072037211567 105.32824580419286 105.33151287299802 105.01508624552737 105.07303707994993 106.37749031359732 106.41965802110593 106.4871574815781 105.72755660404894 109.3029347193658 109.45509339279707 109.6071971181869 109.81233575699538 109.87665636557236 111.10049954225808 111.09651388147827 110.28860860566465 109.2381119384731 109.21108121327865 109.18419787976586 109.6896331753663 109.50681425428235 109.0032758721823 108.95680960332022 108.91045530836811 109.89619690923547 109.92023661734333 109.94460722091019 110.74573243302612
99.36583354182113 95.18313015089798 92.28061870154501 97.48342752412377 97.01149580647797 102.6777217445855 105.04763219100106 105.22831796931263 105.33961511783721 105.45089828430235 105.56209116002037 105.76507610308465 105.87406706585362 105.98263753834863 105.64937107786406 105.67174990024965 105.27754804968288 104.90061519547447 104.95854516459575 105.01660105273837 106.32423572346758 106.35191178744985 106.78505212274955 106.80345982104384 108.5536108816034 109.08293558198876 109.235066835173 109.64919199917153 109.81837876826494 109.84156725909563 110.25261661821557 110.2392953762068 108.57769941143084 108.54766922472452 108.51754174706429 108.48733752611552 109.34146686447812 109.35535538933054 108.74965101548796 108.70313665269886 108.65681320238333 111.3977909854713 111.40650229838499 111.4152412277172
99.04915947449166 102.82120738699547 91.94747561232994 93.79914728600129 96.94492247689823 103.63098741558444 104.98224389441303 105.14584553061468 105.25717932290314 105.36851789261395 105.47978489318099 105.6109144477717 105.72000604509765 105.82871206487201 105.93695844637527 105.22346945996172 105.22681976405806 104.84397800225356 104.90198678846912 104.96013449603808 106.27093215073658 106.29870441952056 106.72878134668628 106.36529078011168 106.38164606582043 106.39805056000236 107.16822239431517 107.25108865287443 107.33386407150076 107.64528638311214 108.89745577824772 108.89516287558357 108.5181329353934 108.48806124164433 108.45790582703785 108.42768725822782 109.17644794763694 109.19029437372137 109.20439830904209 109.21875043976898 108.78379615334747 110.74561117573224 111.33413082132226 109.19941024075708
96.89189850038707 98.86751626497313 93.48471004859779 93.8868912422452 99.85356634302042 104.03798634570116 104.91703394946389 105.06346759122496 105.17481286524097 105.2861816635948 105.39749761910427 105.45673047920762 105.565898088512 105.67471510658281 106.02332625204592 105.17271287584333 105.17609565638348 104.78737543831373 104.84544977200206 104.90367600178702 106.21761606806011 106.24547821783895 106.27336728938893 106.30375390528094 106.32021931767027 105.2894578245087 105.3306890733681 105.37186475586178 105.41295670098995 107.5307174715008 107.6007321198021 108.48869722849119 108.45868151151043 108.42857516811792 108.39839866729241 108.3681725900042 109.51276179516724 108.66729294134616 108.70044195716652 108.7336254085336 108.76682067697118 109.0038034601981 109.65504873776246 109.6732426246708
97.33064217619454 99.30575808027018 93.57205435852646 93.9742062196342 98.57414646578079 100.57963626629169 100.82511949934852 104.98124050296158 105.0925720884076 105.20394591971636 105.31528562636656 105.30262970174815 105.41184864796293 105.5207520389186 105.96017281325132 105.1219959404359 105.12541043202354 104.73084620187142 104.78897276848699 104.84726416948277 106.16432396901114 106.19226961444649 106.22025416175158 104.21270385261737 105.22967520979743 105.2709606353558 105.31222289274213 105.35343373278596 105.39456496047026 105.05016930473812 105.87239008099694 105.80105955089356 106.71194004508044 106.70771603574488 106.7034731790648 106.69921437737779 106.69494255080944 108.65038793412157 108.68351089831714 108.71667210347682 108.74984894630143 108.97945122456278 109.6392625754342 109.65744920060645
97.76849059676603 99.74265615049674 102.32786856271089 93.57553004437038 98.64147829144574 100.54454365453559 100.77189139932021 102.03104921573012 105.01051318964778 105.12186685423531 105.23320509144612 105.14871747318381 105.25796304547968 105.81611836736198 105.89698091667509 105.97754271465115 105.07479875307007 104.67442893638417 104.73259438561435 104.79093756220382 106.11109232645191 106.1391150250633 104.15233764801701 104.1944061649695 105.2111262136577 105.25242904337014 105.2937128849815 105.33494947455166 104.99899445407573 105.03470470396093 105.85632373601692 105.78830274197689 106.7069850965011 106.70275405517529 106.69850529330282 106.69424171726644 106.68996625046479 107.47026878252437 108.66661039789747 108.69974178330054 108.73289262042815 108.95514315214986 109.62349466514085 109.64166987823158
98.20514430398887 115.88978865115828 94.61205564260185 93.64307232483114 98.70860485254717 100.50943993587255 100.71858036778085 102.02323532251464 102.09181949208991 102.16045536169472 102.22909590692214 104.9950988846961 105.67162741062148 105.75282634407765 105.83379385289955 105.91447487803858 105.02429519883833 104.61816218652683 104.6763531414894 103.2098979843082 103.79518024188697 104.09196093898385 104.13401410449899 104.17608879790825 105.19256499789782 105.23387578568824 105.27517177240131 105.31642468578964 104.98346558775538 105.01919749632641 105.05484054143484 105.77551147355842 106.70202357147835 106.69778646613713 106.69353277105097 106.68926539598296 106.68498726693609 106.68070132280965 108.64975205698343 108.68284606952905 108.71596333870582 109.58961742584886 109.60775583264063 109.62591549111968
91.18149814607762 103.30536645276405 94.57202941209799 94.90147351798817 98.7754797713677 100.58662122276823 100.66522302260861 100.74360302668168 102.08413461864811 102.15282267344948 101.25995929456732 102.27387442601592 102.30682396471842 102.33965985769802 102.3723599590545 102.40490229580283 102.83503659807258 103.05801640671238 103.12848239293021 103.76369237883021 103.7769740469309 104.07364747798218 104.11569309634235 104.1577643467208 104.19983252510065 105.21531362224478 105.2566123065889 105.29787210686573 104.9679129499995 105.00365834590832 105.03931837594283 105.76269454174906 105.78196626751316 106.6928166862075 106.68855903328125 106.68428883711394 106.68000902564235 106.67572253891798 106.67143232574142 108.66599654546167 108.69907270743883 109.57394172136766 109.59205687178881 109.61019684377328
91.17094379249468 93.88203466379933 94.53141165019827 98.60447262528339 97.83811491408794 100.53321223098544 100.61185599703515 100.69029009268158 102.0765178852551 101.22725253917866 101.24234237727896 102.20760754888673 102.24062324469902 102.27354035534673 102.30633667923169 102.33899017745692 102.8152277769057 103.04716348961351 103.11758969112233 103.74549443350637 103.15442463387207 104.05535876272533 104.09738722374863 104.13944541396857 104.1815046382626 105.19675532114796 105.23804725378828 105.27930449927842 104.95234723723908 104.9880979398519 105.0237667924792 105.74986076169459 105.76913872162658 106.68784813274118 106.68358750007232 106.67931546268034 106.67503494976387 106.67074890185275 106.66646026744174 107.48707713658764 108.68223228662056 109.55832074369641 109.57640853220113 109.59452469927565
