kriging.asc
NCOLS 250
NROWS 250
XLLCORNER 2.0
YLLCORNER 3.0
CELLSIZE 1.0
NODATA_VALUE -9999
[rows 40 to 59 of 250, columns 0 to 43 of 250]
60.0 60.0 60.0 60.0 60.0 60.0 60.0 60.0 60.0 60.0 60.0 60.0 62.58100660500945 63.13548282202933 63.57664072996865 63.8523292557436 63.9107248229822 68.11958800873995 67.57539986372349 68.06513327183627 68.00360520271198 68.43232914495347 69.10242079014101 69.77050538579168 70.3729278438719 71.02389681954122 71.5449380950254 72.24460636664489 72.91626854330097 73.50002877757946 74.20377316642606 74.86169321886626 75.66501384195013 76.45653044505568 77.23570637077768 78.00201679217304 78.75494930167031 79.49400448161214 80.50979012674526 81.2969314269736 82.06405636273718 82.85443772139155 82.1314190178447 82.81124550232835
60.0 60.0 60.0 60.0 60.0 60.0 60.0 60.0 60.0 60.0 60.0 62.023692888269935 62.615100266087715 63.1420056626157 63.552159640719786 63.79352555041886 61.26344346584598 65.1244803709646 67.92617075524703 68.01113486118854 67.75700823544864 68.49340454485161 69.18099629879205 69.86718719079812 70.48979115562392 71.16652624747405 71.70151175081979 72.3954283403339 73.11652532986467 73.72262335526993 74.44408939941897 75.12978952863394 75.93828583191294 76.73490391239605 77.51910361991065 78.2903566977655 79.04814737546769 79.79197294312814 80.52134430652814 81.23578652207107 83.48207137431808 83.15739019958241 80.7999379691204 83.07727391711421
60.0 60.0 60.0 60.0 60.0 60.0 60.0 60.0 60.0 60.32582140174256 60.76437975615265 61.30095759798452 61.905896477712105 62.54956343596528 63.544141199601285 63.75660198084314 60.821930296126126 64.58620770414083 65.04692176462306 68.1773520081515 68.69480831426374 68.53870726630484 69.24358861165453 69.94767749636742 70.59068131755842 71.13802506562084 71.84882592848783 72.56173164818094 73.14002305104643 73.92996074004073 74.55580637823978 75.38069423910288 76.19418953739337 76.99573740849968 77.78479432586903 78.5608287150742 79.3233215504116 80.63006478885438 81.4920550447327 82.34701869669834 83.73264013705722 84.6345579783777 85.52752867371294 83.28987205606326
60.0 60.0 60.0 60.0 60.0 60.0 60.0 60.0 59.99822897419832 60.30575940115639 60.74142900077186 61.27523417125704 61.87772631260869 62.51914650292842 63.16953121859673 64.13628849631353 65.02267085891833 64.33002435924696 64.78886755796873 65.23866960230896 68.89493859751101 68.56775722361213 69.28970490064707 69.96065790431967 70.52053964364643 71.24769601363175 71.97740171267365 72.70940576734021 73.45038579439819 73.7856982906531 74.68293089338795 75.57795259235712 76.47014601607717 77.35889486304403 78.24358461121359 79.12360322610732 79.99834186642249 80.86719558597838 81.72956403090194 82.58485213089256 83.4324707834844 84.87740778904407 85.7713302614365 85.58521914597031
60.0 60.0 60.0 60.0 60.0 60.11720821530121 59.80895678136506 59.8443174751024 59.99095909088115 60.29497184366474 60.72667061580032 61.25667764471061 61.855580811035786 62.493594577620286 63.41406510670599 64.05524385783586 64.94938472740637 64.97540176121669 64.54317193121243 64.997993008124 68.80318638601422 68.38289292558277 69.31887217082871 70.0104945900415 70.59790646788511 71.3433227803226 72.09149741212221 72.84216630527231 73.60457935412205 73.96506779102305 74.90255773887408 75.79811619173996 76.6907980977755 77.57998681588273 78.46506751650224 79.34542789006184 80.22045885293255 81.08955524963795 81.95211655030823 82.80754754214166 83.65525901384632 84.49466843191237 85.96699731380664 86.84721988242595
60.0 63.02570647660682 62.026091516788846 61.23031365528664 60.602612545987085 60.135311640284115 59.84031850585618 59.738952903978344 59.990872550031646 60.29018532086015 60.71709968105224 61.242567018363225 61.8367934735189 62.47022292504345 63.32146364595445 63.962993604365636 64.8566245996868 64.88993406386058 65.46879954975813 66.05307965599249 68.6710253847654 68.33201125880333 69.33063830812884 69.90135555241186 70.66134158592008 71.42456725232472 72.19076231162744 72.97376925146176 73.27012908927435 74.17182172082028 75.10864573069125 76.0045325115619 76.89749733980923 77.78692337673345 78.6721956252979 79.55270163881289 80.42783222700172 81.29698215838187 82.15955085778785 83.01494309791718 84.32275834103203 85.24750612033444 86.19128279845955 87.071978768273
60.0 60.0 62.19993839675571 61.379170060653195 60.72374704224227 60.232438716948906 59.90233059621409 59.78329936154219 59.86232314683383 60.11357347127193 60.710322888374336 180.48452083927884 180.48452083927884 180.48452083927884 65.10756364766013 64.26905978335739 65.00552402493855 69.37590443515626 70.86835556277754 66.00314559535623 60.0 68.27657167430655 68.65460846574058 69.93342970053656 70.71053713705525 71.49110955037501 72.29226673539807 72.56940830593118 73.4645322602876 74.36734961389945 75.30105104188135 76.19705749610623 77.09009948940643 77.97956012760667 78.86482438638444 79.74527981995337 80.62031726717225 81.48933155388391 82.35172219037992 83.59603198622696 84.52278451138902 85.4476922428601 86.40570859929036 87.02489419746152
60.0 60.0 60.0 60.0 60.88916476597634 60.36767654308424 60.00862511832369 59.8108469239047 59.8935161128902 60.404140378294564 60.65919189886161 61.01501696321526 61.45693371350315 63.056844207535704 63.8907880875915 63.582178643641136 64.86731314362103 66.0652018504956 70.0355269729719 71.45337161914588 68.6018380762851 68.52167613969462 68.70856961607427 69.54061361862627 70.74520364811134 71.52784870331459 71.86393983464671 72.75171926222191 73.6477886142356 74.55151721131645 75.46226326444469 76.37556332410497 77.2684766704595 78.15776916579327 79.04282589866739 79.92303456226438 80.79778616033167 81.66647570932605 82.85411062848556 83.78209218001291 83.3185257990475 84.0609008009551 84.79486984447044 87.27641177146307
60.0 60.0 60.0 60.0 60.0 60.46937646822988 60.030406770250785 60.09989768813172 59.97478955132945 59.933745638994665 60.52304169760278 60.85508556761771 61.278101067984636 62.7797178408651 63.587733299627615 63.46303145514118 64.03776827851605 65.12336814650878 58.066898982262984 67.10986892467503 68.84048287422614 69.72664795923774 69.31798386821515 69.77203242149236 70.6631673029922 71.15476941409537 72.03443627106361 72.92297939395485 73.92198264814004 74.7906136471623 75.66343846334986 76.53343638194312 77.4087153384101 78.2882492846875 79.17150290927921 80.0597612367842 81.22466049426566 82.16718792130837 83.10630445549191 82.96350677304773 83.74641475958009 84.41131318051225 85.16720811558162 87.52174958173717
60.0 60.0 60.0 60.0 66.40062917409495 59.31773791498523 59.31903065765635 59.64801833062003 59.85453021245634 60.27979264447974 60.53367234951922 60.893804083031235 61.40696556934663 62.29095765854517 61.587592171303015 63.77696309891884 64.74263062625671 65.59541995719411 65.83324494841978 66.11695098876953 68.85149018545414 63.02135076864006 63.55274350919782 69.69057660754797 70.6694820793548 71.48303070922958 72.33585638722718 73.19433484018192 74.04115571912945 74.91737706064747 75.7980514652249 76.67670337857885 77.56094129231496 78.45138988587779 79.34743261412788 80.24844344750005 81.15378760074617 81.63865334766531 82.44809148977988 83.24201581985245 84.0452336471105 84.84051115451076 85.62700260878464 86.39687565988655
60.0 60.0 -0.3383438392788385 -0.3383438392788385 56.933098661233615 61.42163989235741 60.0 60.0 60.0 60.0 60.0 60.0 60.0 61.42149312469226 62.21353606020941 63.35801851157457 64.24644963381591 65.19405969750014 65.60057917008466 69.04524852648193 73.75 73.75 73.75 73.75 70.53808174074358 71.55066170974598 72.40756863136916 73.27608776087828 74.14964386806996 75.02540138637795 75.89920584374788 76.79857120387308 77.69548527502604 78.59859274252844 79.50726835091888 80.42087737284004 81.01153412262914 81.84708467178228 82.67561208509574 83.49641949889683 84.32676321819898 85.14229952158028 85.28588004250139 86.19914544053951
60.0 -0.3383438392788385 -0.3383438392788385 51.17612464999427 62.64517005165496 61.73672082642729 61.03616117025221 60.0 60.0 60.0 60.0 60.9148100842157 61.36245263395177 61.816928024571624 62.208226031573986 63.197651635682995 64.08502042523807 64.60459091066414 65.6393244229698 66.76312594511649 73.75 73.75 73.75 73.75 70.62117503153159 71.59085166094441 72.4638254332214 73.34275772607539 74.22362461624107 75.11103448996408 76.00490680869534 76.9047059135616 77.81412782639319 78.72972755771258 79.65087125725518 80.48346867571632 81.18584345683928 82.03981559271682 82.88741131592376 83.72792038927015 84.56063696044328 84.74341790738774 85.56651091048775 86.47405187113968
69.96173262987611 -0.3383438392788385 75.05802462954045 63.83525433517272 62.875734607939854 62.064870047322316 61.3978867378417 60.645001362548136 60.216337223587914 59.83955363948605 60.41212187097479 60.69859291431892 61.08104925532787 61.457401064128646 61.99049470441549 63.02775239306443 63.50213278003731 64.64259868246 65.05903743336252 66.14626454110808 67.07283982458183 68.10088040757277 73.75 73.75 70.6867536675487 71.6191570166001 72.5030260614958 73.39092959208972 74.28193497380099 75.17981234899767 76.08447417886777 77.01400876093018 77.91676738301818 78.84468426499839 79.77812278490015 80.62371175433131 81.3449544604305 82.21730774775665 83.0839370984477 83.37643491612857 84.18521759228189 84.99724875887391 85.81424085695159 86.74324028413525
70.08672986297883 180.48452083927884 69.34842672566543 68.53571595701264 67.36820395779543 62.36654827265099 61.630567830287774 60.83474693658206 60.33705985033018 60.0 60.0 60.0 60.0 62.76172306776266 59.91719951425556 62.26817472191401 63.06570866951466 63.82435596649211 64.62680348204462 73.75 67.65487125858644 67.78854020631128 68.65701638990791 73.75 73.75 71.63430164063296 72.51990025667763 73.41375522241324 74.32475871884415 75.23296332468527 76.1482766673121 77.09147974309568 78.0306396844756 78.94337317726921 79.81680479570963 79.77807237065072 80.533758194786 81.2873836697033 81.85179087552007 82.6242374566607 83.40390939304802 84.1942450634482 84.99858166980664 86.54726258711038
98.97031148691985 70.81504667061475 70.27881086067545 69.30197338462011 67.98721326099569 66.44767957879849 64.79227884114873 63.13124310313765 61.5784843764004 60.1200415997792 59.872200681819365 59.768445054898095 59.80279304531816 63.11245116574682 59.56323931019661 60.0 61.52055338696886 63.50946845180206 73.75 73.75 73.4775853141964 68.17238887937616 68.35542059023089 69.21516848268203 73.75 71.6272715764243 72.52500945623623 73.43074840027967 74.34575222232843 75.27045595754072 76.19627559085427 77.15245727947021 77.58163085369853 78.32564815111235 79.12046930168613 79.89649495970072 80.68003972085509 81.32042087865528 82.13453514692856 82.95241234231156 83.7775208457262 84.61323605239733 86.63965371238311 87.21812347508832
96.50880724814124 129.2183653256123 70.94569757730825 69.82811616305247 68.40208864601622 66.7673926321798 65.03897835881159 63.327874951583944 60.58291283791265 60.13427704237002 59.83422826972705 59.67702081703168 59.65664148720893 60.38391629167855 59.232425451123206 60.0 61.18196689584982 63.32833969216286 73.75 69.52312407483532 71.75776517237728 73.72036170391857 68.61629746631465 69.37535750604651 70.61403682561057 70.6364033856892 72.51815242544309 73.43483074168815 74.36051702959423 75.2922785363343 76.2447191953959 76.76615337881229 77.6181891606034 78.45797237217967 79.21140562353281 80.0142477193684 80.82612652353002 81.54162756100894 82.39713456813143 83.25647224006207 84.9669696207688 85.89572747401932 86.46055777789987 87.21308850813101
68.77167867000097 69.05774052273927 71.32653342704451 70.104939646034 68.58651543258138 66.88592997990833 65.11515836900689 61.27037518915846 60.642168466791716 60.16672365298601 59.92450643037067 59.894352624326814 60.027254479595875 60.313355347812276 59.11475642372719 60.0 61.00087468530403 180.48452083927884 65.69883687495815 67.55799088336562 69.75744766491289 72.10554773246622 73.74393923877915 67.7319060840382 70.48943748372398 70.55285445817687 71.71419430388346 72.69058078013869 73.78927765081785 74.51138232281028 75.60028885670134 76.52508124927135 77.43110309120958 78.32279140287991 79.20124070031717 80.04185653061535 80.8598027556479 81.75224851817796 82.64515752317388 84.16586853490298 84.68548354286558 85.66752670049169 86.6809063033859 87.50057295776088
70.48937664291445 67.72347898000598 66.83557833183244 65.2322684027115 63.83581161683968 62.64893442562373 61.671657601368366 61.0424556165635 60.484822594470735 60.11261051765712 59.916391457196795 59.88657956034775 60.013446536232294 60.287142632296984 59.17888228337148 60.0 73.75 180.48452083927884 74.56351441138463 66.31914188071448 -0.3383438392788385 67.07052169663307 68.05702350212748 68.63976583805331 69.53480336354517 71.21520605560488 71.75515441864476 72.69846464289513 73.60596761897224 74.65302427722526 75.59232721015503 76.52862816244092 77.46079486135878 78.37848675920289 79.30038340430926 80.38679428270297 81.40448991107539 82.36665200550365 83.33157041186574 83.90746602478373 84.90270627149445 85.90292549005807 86.92746287033447 87.62951490650926
69.02191881098648 66.4887790026765 64.41711460193217 64.69283249536697 63.39388852824935 62.295986023302945 61.39872825631232 60.940825554513886 60.41825593423141 59.97999459084482 59.925034175147005 60.01278211357848 60.22502410105952 60.5437943634717 95.18684297770142 62.093374623269995 62.68833957194575 73.75 61.690421803331446 65.09922939596356 66.05043361025814 67.03416420990511 68.04029644180491 68.64078347070001 61.53790747004885 71.18598216176086 71.08283218462782 72.19360252617726 73.50912838124839 74.47234413957116 75.69360845891853 76.61679601182637 77.49638306732764 78.44223740366242 79.38436211896162 80.52040541110809 81.10809537471883 82.09858451539858 83.09574843508474 84.09921240008006 85.14563454964859 86.17857938764264 86.9778263545504 87.97986699511756
67.7047019910604 65.38816993270066 63.50696777295221 62.04173056205811 62.902152215814255 61.89662772742176 61.02110113690207 60.44901989947658 60.0763204268694 59.884188228670155 59.88304007155982 60.001556130870924 60.247038203632435 63.01847301200556 64.87001347221707 62.072078784248745 62.34486101363998 63.79048771902842 64.61034114456841 66.01211891681021 66.03373087082693 67.03622555162183 74.27200035169767 75.27276826250483 63.9027415938215 71.17965819574962 71.16914633743654 72.56290977351756 73.50431933569358 74.46070927518932 75.48499337253139 76.4337676736861 77.38614179625083 78.35991549082536 79.33131956160057 79.51682948055321 81.12876075809758 82.31972559589158 83.33573813560228 84.35787815141518 85.43836380626468 86.47309266337165 87.4078768666344 88.63773793471344
